 0F 8B 0F 8C 0F 8D 
 00 FF FF 00 00 09 00 72 20 00 50 00 00 00 00 0B 2F 
 00 FF FF 00 00 09 00 72 50 00 00 00 00 00 00 0B 30 
 00 FF FF 00 00 09 00 72 21 00 12 00 11 00 01 0B 31 
 00 FF FF 00 00 09 00 72 21 00 4C 01 05 00 01 0B 32 
 00 FF FF 00 00 09 00 72 21 00 13 00 11 00 01 0B 33 
 00 FF FF 00 00 12 00 93 00 00 04 00 00 00 03 51 0F 88 0F 89 0F 8A 0F 87 0F 8A 
 00 FF FF 00 00 09 00 72 20 00 51 00 00 00 00 0B 34 
 00 FF FF 00 00 09 00 72 50 00 00 00 00 00 00 0B 35 
 00 FF FF 00 00 09 00 72 21 00 4D 01 05 00 01 0B 36 
 00 FF FF 00 00 09 00 72 21 00 14 00 11 00 01 0B 37 
 00 FF FF 00 00 09 00 72 21 00 4E 01 05 00 01 0B 38 
  0F 8B 0F 8C 0F 8D 
  00 FF FF 00 00 09 00 72 20 00 50 00 00 00 00 0B 2F 
  00 FF FF 00 00 09 00 72 50 00 00 00 00 00 00 0B 30 
  00 FF FF 00 00 09 00 72 21 00 12 00 11 00 01 0B 31 
  00 FF FF 00 00 09 00 72 21 00 4C 01 05 00 01 0B 32 
  00 FF FF 00 00 09 00 72 21 00 13 00 11 00 01 0B 33 
  00 FF FF 00 00 12 00 93 00 00 04 00 00 00 03 51 0F 88 0F 89 0F 8A 0F 87 0F 8A 
  00 FF FF 00 00 09 00 72 20 00 51 00 00 00 00 0B 34 
  00 FF FF 00 00 09 00 72 50 00 00 00 00 00 00 0B 35 
  00 FF FF 00 00 09 00 72 21 00 4D 01 05 00 01 0B 36 
  00 FF FF 00 00 09 00 72 21 00 14 00 11 00 01 0B 37 
  00 FF FF 00 00 09 00 72 21 00 4E 01 05 00 01 0B 38 
   0F 8B 0F 8C 0F 8D 
   00 FF FF 00 00 09 00 72 20 00 50 00 00 00 00 0B 2F 
   00 FF FF 00 00 09 00 72 50 00 00 00 00 00 00 0B 30 
   00 FF FF 00 00 09 00 72 21 00 12 00 11 00 01 0B 31 
   00 FF FF 00 00 09 00 72 21 00 4C 01 05 00 01 0B 32 
   00 FF FF 00 00 09 00 72 21 00 13 00 11 00 01 0B 33 
   00 FF FF 00 00 12 00 93 00 00 04 00 00 00 03 51 0F 88 0F 89 0F 8A 0F 87 0F 8A 
   00 FF FF 00 00 09 00 72 20 00 51 00 00 00 00 0B 34 
   00 FF FF 00 00 09 00 72 50 00 00 00 00 00 00 0B 35 
   00 FF FF 00 00 09 00 72 21 00 4D 01 05 00 01 0B 36 
   00 FF FF 00 00 09 00 72 21 00 14 00 11 00 01 0B 37 
   00 FF FF 00 00 09 00 72 21 00 4E 01 05 00 01 0B 38 
    0F 8B 0F 8C 0F 8D 
    00 FF FF 00 00 09 00 72 20 00 50 00 00 00 00 0B 2F 
    00 FF FF 00 00 09 00 72 50 00 00 00 00 00 00 0B 30 
    00 FF FF 00 00 09 00 72 21 00 12 00 11 00 01 0B 31 
    00 FF FF 00 00 09 00 72 21 00 4C 01 05 00 01 0B 32 
    00 FF FF 00 00 09 00 72 21 00 13 00 11 00 01 0B 33 
    00 FF FF 00 00 12 00 93 00 00 04 00 00 00 03 51 0F 88 0F 89 0F 8A 0F 87 0F 8A 
    00 FF FF 00 00 09 00 72 20 00 51 00 00 00 00 0B 34 
    00 FF FF 00 00 09 00 72 50 00 00 00 00 00 00 0B 35 
    00 FF FF 00 00 09 00 72 21 00 4D 01 05 00 01 0B 36 
    00 FF FF 00 00 09 00 72 21 00 14 00 11 00 01 0B 37 
    00 FF FF 00 00 09 00 72 21 00 4E 01 05 00 01 0B 38 
     0F 8B 0F 8C 0F 8D 
     00 FF FF 00 00 09 00 72 20 00 50 00 00 00 00 0B 2F 
     00 FF FF 00 00 09 00 72 50 00 00 00 00 00 00 0B 30 
     00 FF FF 00 00 09 00 72 21 00 12 00 11 00 01 0B 31 
     00 FF FF 00 00 09 00 72 21 00 4C 01 05 00 01 0B 32 
     00 FF FF 00 00 09 00 72 21 00 13 00 11 00 01 0B 33 
     00 FF FF 00 00 12 00 93 00 00 04 00 00 00 03 51 0F 88 0F 89 0F 8A 0F 87 0F 8A 
     00 FF FF 00 00 09 00 72 20 00 51 00 00 00 00 0B 34 
     00 FF FF 00 00 09 00 72 50 00 00 00 00 00 00 0B 35 
     00 FF FF 00 00 09 00 72 21 00 4D 01 05 00 01 0B 36 
     00 FF FF 00 00 09 00 72 21 00 14 00 11 00 01 0B 37 
     00 FF FF 00 00 09 00 72 21 00 4E 01 05 00 01 0B 38 
      0F 8B 0F 8C 0F 8D 
      00 FF FF 00 00 09 00 72 20 00 50 00 00 00 00 0B 2F 
      00 FF FF 00 00 09 00 72 50 00 00 00 00 00 00 0B 30 
      00 FF FF 00 00 09 00 72 21 00 12 00 11 00 01 0B 31 
      00 FF FF 00 00 09 00 72 21 00 4C 01 05 00 01 0B 32 
      00 FF FF 00 00 09 00 72 21 00 13 00 11 00 01 0B 33 
      00 FF FF 00 00 12 00 93 00 00 04 00 00 00 03 51 0F 88 0F 89 0F 8A 0F 87 0F 8A 
      00 FF FF 00 00 09 00 72 20 00 51 00 00 00 00 0B 34 
      00 FF FF 00 00 09 00 72 50 00 00 00 00 00 00 0B 35 
      00 FF FF 00 00 09 00 72 21 00 4D 01 05 00 01 0B 36 
      00 FF FF 00 00 09 00 72 21 00 14 00 11 00 01 0B 37 
      00 FF FF 00 00 09 00 72 21 00 4E 01 05 00 01 0B 38 
       0F 8B 0F 8C 0F 8D 
       00 FF FF 00 00 09 00 72 20 00 50 00 00 00 00 0B 2F 
       00 FF FF 00 00 09 00 72 50 00 00 00 00 00 00 0B 30 
       00 FF FF 00 00 09 00 72 21 00 12 00 11 00 01 0B 31 
       00 FF FF 00 00 09 00 72 21 00 4C 01 05 00 01 0B 32 
       00 FF FF 00 00 09 00 72 21 00 13 00 11 00 01 0B 33 
       00 FF FF 00 00 12 00 93 00 00 04 00 00 00 03 51 0F 88 0F 89 0F 8A 0F 87 0F 8A 
       00 FF FF 00 00 09 00 72 20 00 51 00 00 00 00 0B 34 
       00 FF FF 00 00 09 00 72 50 00 00 00 00 00 00 0B 35 
       00 FF FF 00 00 09 00 72 21 00 4D 01 05 00 01 0B 36 
       00 FF FF 00 00 09 00 72 21 00 14 00 11 00 01 0B 37 
       00 FF FF 00 00 09 00 72 21 00 4E 01 05 00 01 0B 38 
        0F 8B 0F 8C 0F 8D 
	00 FF FF 00 00 09 00 72 20 00 50 00 00 00 00 0B 2F 
	00 FF FF 00 00 09 00 72 50 00 00 00 00 00 00 0B 30 
	00 FF FF 00 00 09 00 72 21 00 12 00 11 00 01 0B 31 
	00 FF FF 00 00 09 00 72 21 00 4C 01 05 00 01 0B 32 
	00 FF FF 00 00 09 00 72 21 00 13 00 11 00 01 0B 33 
	00 FF FF 00 00 12 00 93 00 00 04 00 00 00 03 51 0F 88 0F 89 0F 8A 0F 87 0F 8A 
	00 FF FF 00 00 09 00 72 20 00 51 00 00 00 00 0B 34 
	00 FF FF 00 00 09 00 72 50 00 00 00 00 00 00 0B 35 
	00 FF FF 00 00 09 00 72 21 00 4D 01 05 00 01 0B 36 
	00 FF FF 00 00 09 00 72 21 00 14 00 11 00 01 0B 37 
	00 FF FF 00 00 09 00 72 21 00 4E 01 05 00 01 0B 38 

