00 FF FF 00 00 09 00 72 20 00 EE 00 13 00 00 01 EF 
00 FF FF 00 00 09 00 72 50 00 00 00 00 00 00 01 F0 
00 FF FF 00 00 09 00 72 20 00 EF 00 13 00 00 01 F1 
00 FF FF 00 00 09 00 72 50 00 00 00 00 00 00 01 F2 
00 FF FF 00 00 09 00 72 20 00 F0 00 13 00 00 01 F3 
00 FF FF 00 00 09 00 72 50 00 00 00 00 00 00 01 F4 
00 FF FF 00 00 09 00 72 20 00 F1 00 13 00 00 01 F5 
00 FF FF 00 00 09 00 72 50 00 00 00 00 00 00 01 F6 
00 FF FF 00 00 09 00 72 20 00 F2 00 13 00 00 01 F7 
00 FF FF 00 00 09 00 72 50 00 00 00 00 00 00 01 F8 
00 FF FF 00 00 09 00 72 20 00 F3 00 13 00 00 01 F9 
00 FF FF 00 00 09 00 72 50 00 00 00 00 00 00 01 FA 
00 FF FF 00 00 09 00 72 20 00 F4 00 13 00 00 01 FB 
00 FF FF 00 00 09 00 72 50 00 00 00 00 00 00 01 FC 
00 FF FF 00 00 09 00 72 20 00 F5 00 13 00 00 01 FD 
00 FF FF 00 00 09 00 72 50 00 00 00 00 00 00 01 FE 
00 FF FF 00 00 09 00 72 20 00 F6 00 13 00 00 01 FF 
00 FF FF 00 00 09 00 72 50 00 00 00 00 00 00 02 00 
00 FF FF 00 00 09 00 72 20 00 F7 00 13 00 00 02 01 
00 FF FF 00 00 09 00 72 50 00 00 00 00 00 00 02 02 
00 FF FF 00 00 09 00 72 20 00 F8 00 13 00 00 02 03 
00 FF FF 00 00 09 00 72 50 00 00 00 00 00 00 02 04 
00 FF FF 00 00 09 00 72 20 00 F9 00 13 00 00 02 05 
00 FF FF 00 00 09 00 72 50 00 00 00 00 00 00 02 06 
00 FF FF 00 00 09 00 72 20 00 FA 00 13 00 00 02 07 
00 FF FF 00 00 09 00 72 50 00 00 00 00 00 00 02 08 
00 FF FF 00 00 09 00 72 20 00 FB 00 13 00 00 02 09 
00 FF FF 00 00 09 00 72 50 00 00 00 00 00 00 02 0A 
00 FF FF 00 00 09 00 72 20 00 FC 00 13 00 00 02 0B 
00 FF FF 00 00 09 00 72 50 00 00 00 00 00 00 02 0C 
00 FF FF 00 00 09 00 72 33 00 00 00 00 0A 00 02 0D 
00 FF FF 00 00 09 00 72 20 00 FD 00 13 00 00 02 0E 
00 FF FF 00 00 09 00 72 50 00 00 00 00 00 00 02 0F 
00 FF FF 00 00 09 00 72 20 00 FE 00 13 00 00 02 10 
00 FF FF 00 00 09 00 72 50 00 00 00 00 00 00 02 11 
00 FF FF 00 00 09 00 72 20 00 FF 00 13 00 00 02 12 
00 FF FF 00 00 09 00 72 50 00 00 00 00 00 00 02 13 
00 FF FF 00 00 09 00 72 20 00 00 00 13 00 00 02 14 
00 FF FF 00 00 09 00 72 50 00 00 00 00 00 00 02 15 
00 FF FF 00 00 09 00 72 20 00 01 00 13 00 00 02 16 
00 FF FF 00 00 09 00 72 50 00 00 00 00 00 00 02 17 
00 FF FF 00 00 09 00 72 20 00 02 00 13 00 00 02 18 
00 FF FF 00 00 09 00 72 50 00 00 00 00 00 00 02 19 
00 FF FF 00 00 09 00 72 20 00 03 00 13 00 00 02 1A 
00 FF FF 00 00 09 00 72 50 00 00 00 00 00 00 02 1B 
00 FF FF 00 00 09 00 72 20 00 04 00 13 00 00 02 1C 
00 FF FF 00 00 09 00 72 50 00 00 00 00 00 00 02 1D 
00 FF FF 00 00 09 00 72 20 00 05 00 13 00 00 02 1E 
00 FF FF 00 00 09 00 72 50 00 00 00 00 00 00 02 1F 
00 FF FF 00 00 09 00 72 20 00 06 00 13 00 00 02 20 
00 FF FF 00 00 09 00 72 50 00 00 00 00 00 00 02 21 
00 FF FF 00 00 09 00 72 20 00 07 00 13 00 00 02 22 
00 FF FF 00 00 09 00 72 50 00 00 00 00 00 00 02 23 
00 FF FF 00 00 09 00 72 20 00 08 00 13 00 00 02 24 
00 FF FF 00 00 09 00 72 50 00 00 00 00 00 00 02 25 
00 FF FF 00 00 09 00 72 20 00 09 00 13 00 00 02 26 
00 FF FF 00 00 09 00 72 50 00 00 00 00 00 00 02 27 
00 FF FF 00 00 09 00 72 20 00 0A 00 13 00 00 02 28 
00 FF FF 00 00 09 00 72 50 00 00 00 00 00 00 02 29 
00 FF FF 00 00 09 00 72 20 00 0B 00 13 00 00 02 2A 
00 FF FF 00 00 09 00 72 50 00 00 00 00 00 00 02 2B 
00 FF FF 00 00 09 00 72 20 00 0C 00 13 00 00 02 2C 
00 FF FF 00 00 09 00 72 50 00 00 00 00 00 00 02 2D 
00 FF FF 00 00 09 00 72 20 00 0D 00 13 00 00 02 2E 
00 FF FF 00 00 09 00 72 50 00 00 00 00 00 00 02 2F 
00 FF FF 00 00 09 00 72 20 00 0E 00 13 00 00 02 30 
00 FF FF 00 00 09 00 72 50 00 00 00 00 00 00 02 31 
00 FF FF 00 00 09 00 72 20 00 0F 00 13 00 00 02 32 
00 FF FF 00 00 09 00 72 50 00 00 00 00 00 00 02 33 
00 FF FF 00 00 09 00 72 20 00 10 00 13 00 00 02 34 
00 FF FF 00 00 09 00 72 50 00 00 00 00 00 00 02 35 
00 FF FF 00 00 09 00 72 20 00 11 00 13 00 00 02 36 
00 FF FF 00 00 09 00 72 50 00 00 00 00 00 00 02 37 
00 FF FF 00 00 09 00 72 20 00 12 00 13 00 00 02 38 
00 FF FF 00 00 09 00 72 50 00 00 00 00 00 00 02 39 
00 FF FF 00 00 09 00 72 20 00 13 00 13 00 00 02 3A 
00 FF FF 00 00 09 00 72 50 00 00 00 00 00 00 02 3B 
00 FF FF 00 00 09 00 72 20 00 14 00 13 00 00 02 3C 
00 FF FF 00 00 09 00 72 50 00 00 00 00 00 00 02 3D 
00 FF FF 00 00 09 00 72 20 00 15 00 13 00 00 02 3E 
00 FF FF 00 00 09 00 72 50 00 00 00 00 00 00 02 3F 
00 FF FF 00 00 09 00 72 20 00 16 00 13 00 00 02 40 
00 FF FF 00 00 09 00 72 50 00 00 00 00 00 00 02 41 
00 FF FF 00 00 09 00 72 20 00 17 00 13 00 00 02 42 
00 FF FF 00 00 09 00 72 50 00 00 00 00 00 00 02 43 
00 FF FF 00 00 09 00 72 20 00 18 00 13 00 00 02 44 
00 FF FF 00 00 09 00 72 50 00 00 00 00 00 00 02 45 
00 FF FF 00 00 09 00 72 20 00 19 00 13 00 00 02 46 
00 FF FF 00 00 09 00 72 50 00 00 00 00 00 00 02 47 
00 FF FF 00 00 09 00 72 20 00 1A 00 13 00 00 02 48 
00 FF FF 00 00 09 00 72 50 00 00 00 00 00 00 02 49 
00 FF FF 00 00 09 00 72 20 00 1B 00 13 00 00 02 4A 
00 FF FF 00 00 09 00 72 50 00 00 00 00 00 00 02 4B 
00 FF FF 00 00 09 00 72 20 00 1C 00 13 00 00 02 4C 
00 FF FF 00 00 09 00 72 50 00 00 00 00 00 00 02 4D 
00 FF FF 00 00 09 00 72 20 00 1D 00 13 00 00 02 4E 
00 FF FF 00 00 09 00 72 50 00 00 00 00 00 00 02 4F 
00 FF FF 00 00 09 00 72 20 00 1E 00 13 00 00 02 50 
00 FF FF 00 00 09 00 72 50 00 00 00 00 00 00 02 51 
00 FF FF 00 00 09 00 72 20 00 1F 00 13 00 00 02 52 
00 FF FF 00 00 09 00 72 50 00 00 00 00 00 00 02 53 
00 FF FF 00 00 09 00 72 20 00 20 00 13 00 00 02 54 
00 FF FF 00 00 09 00 72 50 00 00 00 00 00 00 02 55 
00 FF FF 00 00 09 00 72 20 00 21 00 13 00 00 02 56 
00 FF FF 00 00 09 00 72 50 00 00 00 00 00 00 02 57 
00 FF FF 00 00 09 00 72 20 00 22 00 13 00 00 02 58 
00 FF FF 00 00 09 00 72 50 00 00 00 00 00 00 02 59 
00 FF FF 00 00 09 00 72 20 00 23 00 13 00 00 02 5A 
00 FF FF 00 00 09 00 72 50 00 00 00 00 00 00 02 5B 
00 FF FF 00 00 09 00 72 20 00 24 00 13 00 00 02 5C 
00 FF FF 00 00 09 00 72 50 00 00 00 00 00 00 02 5D 
00 FF FF 00 00 09 00 72 20 00 25 00 13 00 00 02 5E 
00 FF FF 00 00 09 00 72 50 00 00 00 00 00 00 02 5F 
00 FF FF 00 00 09 00 72 20 00 26 00 13 00 00 02 60 
00 FF FF 00 00 09 00 72 50 00 00 00 00 00 00 02 61 
00 FF FF 00 00 09 00 72 20 00 27 00 13 00 00 02 62 
00 FF FF 00 00 09 00 72 50 00 00 00 00 00 00 02 63 
00 FF FF 00 00 09 00 72 20 00 28 00 13 00 00 02 64 
00 FF FF 00 00 09 00 72 50 00 00 00 00 00 00 02 65 
00 FF FF 00 00 09 00 72 20 00 29 00 13 00 00 02 66 
00 FF FF 00 00 09 00 72 50 00 00 00 00 00 00 02 67 
00 FF FF 00 00 09 00 72 20 00 2A 00 13 00 00 02 68 
00 FF FF 00 00 09 00 72 50 00 00 00 00 00 00 02 69 
00 FF FF 00 00 09 00 72 20 00 2B 00 13 00 00 02 6A 
00 FF FF 00 00 09 00 72 50 00 00 00 00 00 00 02 6B 
00 FF FF 00 00 09 00 72 20 00 2C 00 13 00 00 02 6C 
00 FF FF 00 00 09 00 72 50 00 00 00 00 00 00 02 6D 
00 FF FF 00 00 09 00 72 20 00 2D 00 13 00 00 02 6E 
00 FF FF 00 00 09 00 72 50 00 00 00 00 00 00 02 6F 
00 FF FF 00 00 09 00 72 20 00 2E 00 13 00 00 02 70 
00 FF FF 00 00 09 00 72 50 00 00 00 00 00 00 02 71 
00 FF FF 00 00 09 00 72 20 00 2F 00 13 00 00 02 72 
00 FF FF 00 00 09 00 72 50 00 00 00 00 00 00 02 73 
00 FF FF 00 00 09 00 72 20 00 30 00 13 00 00 02 74 
00 FF FF 00 00 09 00 72 50 00 00 00 00 00 00 02 75 
00 FF FF 00 00 09 00 72 20 00 31 00 13 00 00 02 76 
00 FF FF 00 00 09 00 72 50 00 00 00 00 00 00 02 77 
00 FF FF 00 00 09 00 72 20 00 32 00 13 00 00 02 78 
00 FF FF 00 00 09 00 72 50 00 00 00 00 00 00 02 79 
00 FF FF 00 00 09 00 72 20 00 33 00 13 00 00 02 7A 
00 FF FF 00 00 09 00 72 50 00 00 00 00 00 00 02 7B 
00 FF FF 00 00 09 00 72 20 00 34 00 13 00 00 02 7C 
00 FF FF 00 00 09 00 72 50 00 00 00 00 00 00 02 7D 
00 FF FF 00 00 09 00 72 20 00 35 00 13 00 00 02 7E 
00 FF FF 00 00 09 00 72 50 00 00 00 00 00 00 02 7F 
00 FF FF 00 00 09 00 72 20 00 36 00 13 00 00 02 80 
00 FF FF 00 00 09 00 72 50 00 00 00 00 00 00 02 81 
00 FF FF 00 00 09 00 72 20 00 37 00 13 00 00 02 82 
00 FF FF 00 00 09 00 72 50 00 00 00 00 00 00 02 83 
00 FF FF 00 00 09 00 72 20 00 38 00 13 00 00 02 84 
00 FF FF 00 00 09 00 72 50 00 00 00 00 00 00 02 85 
00 FF FF 00 00 09 00 72 20 00 39 00 13 00 00 02 86 
00 FF FF 00 00 09 00 72 50 00 00 00 00 00 00 02 87 
00 FF FF 00 00 09 00 72 20 00 3A 00 13 00 00 02 88 
00 FF FF 00 00 09 00 72 50 00 00 00 00 00 00 02 89 
00 FF FF 00 00 09 00 72 20 00 3B 00 13 00 00 02 8A 
00 FF FF 00 00 09 00 72 50 00 00 00 00 00 00 02 8B 
00 FF FF 00 00 09 00 72 20 00 3C 00 13 00 00 02 8C 
00 FF FF 00 00 09 00 72 50 00 00 00 00 00 00 02 8D 
00 FF FF 00 00 09 00 72 20 00 3D 00 13 00 00 02 8E 
00 FF FF 00 00 09 00 72 50 00 00 00 00 00 00 02 8F 
00 FF FF 00 00 09 00 72 20 00 3E 00 13 00 00 02 90 
00 FF FF 00 00 09 00 72 50 00 00 00 00 00 00 02 91 
00 FF FF 00 00 09 00 72 20 00 3F 00 13 00 00 02 92 
00 FF FF 00 00 09 00 72 50 00 00 00 00 00 00 02 93 
00 FF FF 00 00 09 00 72 20 00 40 00 13 00 00 02 94 
00 FF FF 00 00 09 00 72 50 00 00 00 00 00 00 02 95 
00 FF FF 00 00 09 00 72 20 00 41 00 13 00 00 02 96 
00 FF FF 00 00 09 00 72 50 00 00 00 00 00 00 02 97 
00 FF FF 00 00 09 00 72 20 00 42 00 13 00 00 02 98 
00 FF FF 00 00 09 00 72 50 00 00 00 00 00 00 02 99 
00 FF FF 00 00 09 00 72 20 00 43 00 13 00 00 02 9A 
00 FF FF 00 00 09 00 72 50 00 00 00 00 00 00 02 9B 
00 FF FF 00 00 09 00 72 20 00 44 00 13 00 00 02 9C 
00 FF FF 00 00 09 00 72 50 00 00 00 00 00 00 02 9D 
00 FF FF 00 00 09 00 72 20 00 45 00 13 00 00 02 9E 
00 FF FF 00 00 09 00 72 50 00 00 00 00 00 00 02 9F 
00 FF FF 00 00 09 00 72 20 00 46 00 13 00 00 02 A0 
00 FF FF 00 00 09 00 72 50 00 00 00 00 00 00 02 A1 
00 FF FF 00 00 09 00 72 20 00 47 00 13 00 00 02 A2 
00 FF FF 00 00 09 00 72 50 00 00 00 00 00 00 02 A3 
00 FF FF 00 00 09 00 72 20 00 48 00 13 00 00 02 A4 
00 FF FF 00 00 09 00 72 50 00 00 00 00 00 00 02 A5 
00 FF FF 00 00 09 00 72 20 00 49 00 13 00 00 02 A6 
00 FF FF 00 00 09 00 72 50 00 00 00 00 00 00 02 A7 
00 FF FF 00 00 09 00 72 20 00 4A 00 13 00 00 02 A8 
00 FF FF 00 00 09 00 72 50 00 00 00 00 00 00 02 A9 
00 FF FF 00 00 09 00 72 20 00 4B 00 13 00 00 02 AA 
00 FF FF 00 00 09 00 72 50 00 00 00 00 00 00 02 AB 
00 FF FF 00 00 09 00 72 20 00 4C 00 13 00 00 02 AC 
00 FF FF 00 00 09 00 72 50 00 00 00 00 00 00 02 AD 
00 FF FF 00 00 09 00 72 20 00 4D 00 13 00 00 02 AE 
00 FF FF 00 00 09 00 72 50 00 00 00 00 00 00 02 AF 
00 FF FF 00 00 09 00 72 20 00 4E 00 13 00 00 02 B0 
00 FF FF 00 00 09 00 72 50 00 00 00 00 00 00 02 B1 
00 FF FF 00 00 09 00 72 20 00 4F 00 13 00 00 02 B2 
00 FF FF 00 00 09 00 72 50 00 00 00 00 00 00 02 B3 
00 FF FF 00 00 09 00 72 20 00 50 00 13 00 00 02 B4 
00 FF FF 00 00 09 00 72 50 00 00 00 00 00 00 02 B5 
00 FF FF 00 00 09 00 72 20 00 51 00 13 00 00 02 B6 
00 FF FF 00 00 09 00 72 50 00 00 00 00 00 00 02 B7 
00 FF FF 00 00 09 00 72 20 00 52 00 13 00 00 02 B8 
00 FF FF 00 00 09 00 72 50 00 00 00 00 00 00 02 B9 
00 FF FF 00 00 09 00 72 20 00 53 00 13 00 00 02 BA 
00 FF FF 00 00 09 00 72 50 00 00 00 00 00 00 02 BB 
00 FF FF 00 00 09 00 72 20 00 54 00 13 00 00 02 BC 
00 FF FF 00 00 09 00 72 50 00 00 00 00 00 00 02 BD 
00 FF FF 00 00 09 00 72 20 00 55 00 13 00 00 02 BE 
00 FF FF 00 00 09 00 72 50 00 00 00 00 00 00 02 BF 
00 FF FF 00 00 09 00 72 20 00 56 00 13 00 00 02 C0 
00 FF FF 00 00 09 00 72 50 00 00 00 00 00 00 02 C1 
00 FF FF 00 00 09 00 72 20 00 57 00 13 00 00 02 C2 
00 FF FF 00 00 09 00 72 50 00 00 00 00 00 00 02 C3 
00 FF FF 00 00 09 00 72 20 00 58 00 13 00 00 02 C4 
00 FF FF 00 00 09 00 72 50 00 00 00 00 00 00 02 C5 
00 FF FF 00 00 09 00 72 20 00 59 00 13 00 00 02 C6 
00 FF FF 00 00 09 00 72 50 00 00 00 00 00 00 02 C7 
00 FF FF 00 00 09 00 72 20 00 5A 00 13 00 00 02 C8 
00 FF FF 00 00 09 00 72 50 00 00 00 00 00 00 02 C9 
00 FF FF 00 00 09 00 72 20 00 5B 00 13 00 00 02 CA 
00 FF FF 00 00 09 00 72 50 00 00 00 00 00 00 02 CB 
00 FF FF 00 00 09 00 72 20 00 5C 00 13 00 00 02 CC 
00 FF FF 00 00 09 00 72 50 00 00 00 00 00 00 02 CD 
00 FF FF 00 00 09 00 72 20 00 5D 00 13 00 00 02 CE 
00 FF FF 00 00 09 00 72 50 00 00 00 00 00 00 02 CF 
00 FF FF 00 00 09 00 72 20 00 5E 00 13 00 00 02 D0 
00 FF FF 00 00 09 00 72 50 00 00 00 00 00 00 02 D1 
00 FF FF 00 00 09 00 72 20 00 5F 00 13 00 00 02 D2 
00 FF FF 00 00 09 00 72 50 00 00 00 00 00 00 02 D3 
00 FF FF 00 00 09 00 72 20 00 60 00 13 00 00 02 D4 
00 FF FF 00 00 09 00 72 50 00 00 00 00 00 00 02 D5 
00 FF FF 00 00 09 00 72 20 00 61 00 13 00 00 02 D6 
00 FF FF 00 00 09 00 72 50 00 00 00 00 00 00 02 D7 
00 FF FF 00 00 09 00 72 20 00 62 00 13 00 00 02 D8 
00 FF FF 00 00 09 00 72 50 00 00 00 00 00 00 02 D9 
00 FF FF 00 00 09 00 72 20 00 63 00 13 00 00 02 DA 
00 FF FF 00 00 09 00 72 50 00 00 00 00 00 00 02 DB 
00 FF FF 00 00 09 00 72 20 00 64 00 13 00 00 02 DC 
00 FF FF 00 00 09 00 72 50 00 00 00 00 00 00 02 DD 
00 FF FF 00 00 09 00 72 20 00 65 00 13 00 00 02 DE 
00 FF FF 00 00 09 00 72 50 00 00 00 00 00 00 02 DF 
00 FF FF 00 00 09 00 72 20 00 66 00 13 00 00 02 E0 
00 FF FF 00 00 09 00 72 50 00 00 00 00 00 00 02 E1 
00 FF FF 00 00 09 00 72 20 00 67 00 13 00 00 02 E2 
00 FF FF 00 00 09 00 72 50 00 00 00 00 00 00 02 E3 
00 FF FF 00 00 09 00 72 20 00 68 00 13 00 00 02 E4 
00 FF FF 00 00 09 00 72 50 00 00 00 00 00 00 02 E5 
00 FF FF 00 00 09 00 72 20 00 69 00 13 00 00 02 E6 
00 FF FF 00 00 09 00 72 50 00 00 00 00 00 00 02 E7 
00 FF FF 00 00 09 00 72 20 00 6A 00 13 00 00 02 E8 
00 FF FF 00 00 09 00 72 50 00 00 00 00 00 00 02 E9 
00 FF FF 00 00 09 00 72 20 00 6B 00 13 00 00 02 EA 
00 FF FF 00 00 09 00 72 50 00 00 00 00 00 00 02 EB 
00 FF FF 00 00 09 00 72 20 00 6C 00 13 00 00 02 EC 
00 FF FF 00 00 09 00 72 50 00 00 00 00 00 00 02 ED 
00 FF FF 00 00 09 00 72 20 00 6D 00 13 00 00 02 EE 
00 FF FF 00 00 09 00 72 50 00 00 00 00 00 00 02 EF 
00 FF FF 00 00 09 00 72 20 00 6E 00 13 00 00 02 F0 
00 FF FF 00 00 09 00 72 50 00 00 00 00 00 00 02 F1 
00 FF FF 00 00 09 00 72 20 00 6F 00 13 00 00 02 F2 
00 FF FF 00 00 09 00 72 50 00 00 00 00 00 00 02 F3 
00 FF FF 00 00 09 00 72 20 00 70 00 13 00 00 02 F4 
00 FF FF 00 00 09 00 72 50 00 00 00 00 00 00 02 F5 
00 FF FF 00 00 09 00 72 20 00 71 00 13 00 00 02 F6 
00 FF FF 00 00 09 00 72 50 00 00 00 00 00 00 02 F7 
00 FF FF 00 00 09 00 72 20 00 72 00 13 00 00 02 F8 
00 FF FF 00 00 09 00 72 50 00 00 00 00 00 00 02 F9 
00 FF FF 00 00 09 00 72 20 00 73 00 13 00 00 02 FA 
00 FF FF 00 00 09 00 72 50 00 00 00 00 00 00 02 FB 
00 FF FF 00 00 09 00 72 20 00 74 00 13 00 00 02 FC 
00 FF FF 00 00 09 00 72 50 00 00 00 00 00 00 02 FD 
00 FF FF 00 00 09 00 72 20 00 75 00 13 00 00 02 FE 
00 FF FF 00 00 09 00 72 50 00 00 00 00 00 00 02 FF 
00 FF FF 00 00 09 00 72 20 00 76 00 13 00 00 03 00 
00 FF FF 00 00 09 00 72 50 00 00 00 00 00 00 03 01 
00 FF FF 00 00 09 00 72 20 00 77 00 13 00 00 03 02 
00 FF FF 00 00 09 00 72 50 00 00 00 00 00 00 03 03 
00 FF FF 00 00 09 00 72 20 00 78 00 13 00 00 03 04 
00 FF FF 00 00 09 00 72 50 00 00 00 00 00 00 03 05 
00 FF FF 00 00 09 00 72 20 00 79 00 13 00 00 03 06 
00 FF FF 00 00 09 00 72 50 00 00 00 00 00 00 03 07 
00 FF FF 00 00 09 00 72 20 00 7A 00 13 00 00 03 08 
00 FF FF 00 00 09 00 72 50 00 00 00 00 00 00 03 09 
00 FF FF 00 00 09 00 72 20 00 7B 00 13 00 00 03 0A 
00 FF FF 00 00 09 00 72 50 00 00 00 00 00 00 03 0B 
00 FF FF 00 00 09 00 72 33 00 00 00 00 0A 00 03 0C 
00 FF FF 00 00 09 00 72 20 00 7C 00 13 00 00 03 0D 
00 FF FF 00 00 09 00 72 50 00 00 00 00 00 00 03 0E 
00 FF FF 00 00 09 00 72 20 00 7D 00 13 00 00 03 0F 
00 FF FF 00 00 09 00 72 50 00 00 00 00 00 00 03 10 
00 FF FF 00 00 09 00 72 20 00 7E 00 13 00 00 03 11 
00 FF FF 00 00 09 00 72 50 00 00 00 00 00 00 03 12 
00 FF FF 00 00 09 00 72 20 00 7F 00 13 00 00 03 13 
00 FF FF 00 00 09 00 72 50 00 00 00 00 00 00 03 14 
00 FF FF 00 00 09 00 72 20 00 80 00 13 00 00 03 15 
00 FF FF 00 00 09 00 72 50 00 00 00 00 00 00 03 16 
00 FF FF 00 00 09 00 72 20 00 81 00 13 00 00 03 17 
00 FF FF 00 00 09 00 72 50 00 00 00 00 00 00 03 18 
00 FF FF 00 00 09 00 72 20 00 82 00 13 00 00 03 19 
00 FF FF 00 00 09 00 72 50 00 00 00 00 00 00 03 1A 
00 FF FF 00 00 09 00 72 20 00 83 00 13 00 00 03 1B 
00 FF FF 00 00 09 00 72 50 00 00 00 00 00 00 03 1C 
00 FF FF 00 00 09 00 72 20 00 84 00 13 00 00 03 1D 
00 FF FF 00 00 09 00 72 50 00 00 00 00 00 00 03 1E 
00 FF FF 00 00 09 00 72 20 00 85 00 13 00 00 03 1F 
00 FF FF 00 00 09 00 72 50 00 00 00 00 00 00 03 20 
00 FF FF 00 00 09 00 72 20 00 86 00 13 00 00 03 21 
00 FF FF 00 00 09 00 72 50 00 00 00 00 00 00 03 22 
00 FF FF 00 00 09 00 72 20 00 87 00 13 00 00 03 23 
00 FF FF 00 00 09 00 72 50 00 00 00 00 00 00 03 24 
00 FF FF 00 00 09 00 72 20 00 88 00 13 00 00 03 25 
00 FF FF 00 00 09 00 72 50 00 00 00 00 00 00 03 26 
00 FF FF 00 00 09 00 72 20 00 89 00 13 00 00 03 27 
00 FF FF 00 00 09 00 72 50 00 00 00 00 00 00 03 28 
00 FF FF 00 00 09 00 72 20 00 8A 00 13 00 00 03 29 
00 FF FF 00 00 09 00 72 50 00 00 00 00 00 00 03 2A 
00 FF FF 00 00 09 00 72 20 00 8B 00 13 00 00 03 2B 
00 FF FF 00 00 09 00 72 50 00 00 00 00 00 00 03 2C 
00 FF FF 00 00 09 00 72 20 00 8C 00 13 00 00 03 2D 
00 FF FF 00 00 09 00 72 50 00 00 00 00 00 00 03 2E 
00 FF FF 00 00 09 00 72 20 00 8D 00 13 00 00 03 2F 
00 FF FF 00 00 09 00 72 50 00 00 00 00 00 00 03 30 
00 FF FF 00 00 09 00 72 20 00 8E 00 13 00 00 03 31 
00 FF FF 00 00 09 00 72 50 00 00 00 00 00 00 03 32 
00 FF FF 00 00 09 00 72 20 00 8F 00 13 00 00 03 33 
00 FF FF 00 00 09 00 72 50 00 00 00 00 00 00 03 34 
00 FF FF 00 00 09 00 72 20 00 90 00 13 00 00 03 35 
00 FF FF 00 00 09 00 72 50 00 00 00 00 00 00 03 36 
00 FF FF 00 00 09 00 72 20 00 91 00 13 00 00 03 37 
00 FF FF 00 00 09 00 72 50 00 00 00 00 00 00 03 38 
00 FF FF 00 00 09 00 72 20 00 92 00 13 00 00 03 39 
00 FF FF 00 00 09 00 72 50 00 00 00 00 00 00 03 3A 
00 FF FF 00 00 09 00 72 20 00 93 00 13 00 00 03 3B 
00 FF FF 00 00 09 00 72 50 00 00 00 00 00 00 03 3C 
00 FF FF 00 00 09 00 72 20 00 94 00 13 00 00 03 3D 
00 FF FF 00 00 09 00 72 50 00 00 00 00 00 00 03 3E 
00 FF FF 00 00 09 00 72 20 00 95 00 13 00 00 03 3F 
00 FF FF 00 00 09 00 72 50 00 00 00 00 00 00 03 40 
00 FF FF 00 00 09 00 72 20 00 96 00 13 00 00 03 41 
00 FF FF 00 00 09 00 72 50 00 00 00 00 00 00 03 42 
00 FF FF 00 00 09 00 72 20 00 97 00 13 00 00 03 43 
00 FF FF 00 00 09 00 72 50 00 00 00 00 00 00 03 44 
00 FF FF 00 00 09 00 72 20 00 98 00 13 00 00 03 45 
00 FF FF 00 00 09 00 72 50 00 00 00 00 00 00 03 46 
00 FF FF 00 00 09 00 72 20 00 99 00 13 00 00 03 47 
00 FF FF 00 00 09 00 72 50 00 00 00 00 00 00 03 48 
00 FF FF 00 00 09 00 72 20 00 9A 00 13 00 00 03 49 
00 FF FF 00 00 09 00 72 50 00 00 00 00 00 00 03 4A 
00 FF FF 00 00 09 00 72 20 00 9B 00 13 00 00 03 4B 
00 FF FF 00 00 09 00 72 50 00 00 00 00 00 00 03 4C 
00 FF FF 00 00 09 00 72 20 00 9C 00 13 00 00 03 4D 
00 FF FF 00 00 09 00 72 50 00 00 00 00 00 00 03 4E 
00 FF FF 00 00 09 00 72 20 00 9D 00 13 00 00 03 4F 
00 FF FF 00 00 09 00 72 50 00 00 00 00 00 00 03 50 
00 FF FF 00 00 09 00 72 20 00 9E 00 13 00 00 03 51 
00 FF FF 00 00 09 00 72 50 00 00 00 00 00 00 03 52 
00 FF FF 00 00 09 00 72 20 00 9F 00 13 00 00 03 53 
00 FF FF 00 00 09 00 72 50 00 00 00 00 00 00 03 54 
00 FF FF 00 00 09 00 72 20 00 A0 00 13 00 00 03 55 
00 FF FF 00 00 09 00 72 50 00 00 00 00 00 00 03 56 
00 FF FF 00 00 09 00 72 20 00 A1 00 13 00 00 03 57 
00 FF FF 00 00 09 00 72 50 00 00 00 00 00 00 03 58 
00 FF FF 00 00 09 00 72 20 00 A2 00 13 00 00 03 59 
00 FF FF 00 00 09 00 72 50 00 00 00 00 00 00 03 5A 
00 FF FF 00 00 09 00 72 20 00 A3 00 13 00 00 03 5B 
00 FF FF 00 00 09 00 72 50 00 00 00 00 00 00 03 5C 
00 FF FF 00 00 09 00 72 20 00 A4 00 13 00 00 03 5D 
00 FF FF 00 00 09 00 72 50 00 00 00 00 00 00 03 5E 
00 FF FF 00 00 09 00 72 20 00 A5 00 13 00 00 03 5F 
00 FF FF 00 00 09 00 72 50 00 00 00 00 00 00 03 60 
00 FF FF 00 00 09 00 72 20 00 A6 00 13 00 00 03 61 
00 FF FF 00 00 09 00 72 50 00 00 00 00 00 00 03 62 
00 FF FF 00 00 09 00 72 20 00 A7 00 13 00 00 03 63 
00 FF FF 00 00 09 00 72 50 00 00 00 00 00 00 03 64 
00 FF FF 00 00 09 00 72 20 00 A8 00 13 00 00 03 65 
00 FF FF 00 00 09 00 72 50 00 00 00 00 00 00 03 66 
00 FF FF 00 00 09 00 72 20 00 A9 00 13 00 00 03 67 
00 FF FF 00 00 09 00 72 50 00 00 00 00 00 00 03 68 
00 FF FF 00 00 09 00 72 20 00 AA 00 13 00 00 03 69 
00 FF FF 00 00 09 00 72 50 00 00 00 00 00 00 03 6A 
00 FF FF 00 00 09 00 72 20 00 AB 00 13 00 00 03 6B 
00 FF FF 00 00 09 00 72 50 00 00 00 00 00 00 03 6C 
00 FF FF 00 00 09 00 72 20 00 AC 00 13 00 00 03 6D 
00 FF FF 00 00 09 00 72 50 00 00 00 00 00 00 03 6E 
00 FF FF 00 00 09 00 72 20 00 AD 00 13 00 00 03 6F 
00 FF FF 00 00 09 00 72 50 00 00 00 00 00 00 03 70 
00 FF FF 00 00 09 00 72 20 00 AE 00 13 00 00 03 71 
00 FF FF 00 00 09 00 72 50 00 00 00 00 00 00 03 72 
00 FF FF 00 00 09 00 72 20 00 AF 00 13 00 00 03 73 
00 FF FF 00 00 09 00 72 50 00 00 00 00 00 00 03 74 
00 FF FF 00 00 09 00 72 20 00 B0 00 13 00 00 03 75 
00 FF FF 00 00 09 00 72 50 00 00 00 00 00 00 03 76 
00 FF FF 00 00 09 00 72 20 00 B1 00 13 00 00 03 77 
00 FF FF 00 00 09 00 72 50 00 00 00 00 00 00 03 78 
00 FF FF 00 00 09 00 72 20 00 B2 00 13 00 00 03 79 
00 FF FF 00 00 09 00 72 50 00 00 00 00 00 00 03 7A 
00 FF FF 00 00 09 00 72 20 00 B3 00 13 00 00 03 7B 
00 FF FF 00 00 09 00 72 50 00 00 00 00 00 00 03 7C 
00 FF FF 00 00 09 00 72 20 00 B4 00 13 00 00 03 7D 
00 FF FF 00 00 09 00 72 50 00 00 00 00 00 00 03 7E 
00 FF FF 00 00 09 00 72 20 00 B5 00 13 00 00 03 7F 
00 FF FF 00 00 09 00 72 50 00 00 00 00 00 00 03 80 
00 FF FF 00 00 09 00 72 20 00 B6 00 13 00 00 03 81 
00 FF FF 00 00 09 00 72 50 00 00 00 00 00 00 03 82 
00 FF FF 00 00 09 00 72 20 00 B7 00 13 00 00 03 83 
00 FF FF 00 00 09 00 72 50 00 00 00 00 00 00 03 84 
00 FF FF 00 00 09 00 72 20 00 B8 00 13 00 00 03 85 
00 FF FF 00 00 09 00 72 50 00 00 00 00 00 00 03 86 
00 FF FF 00 00 09 00 72 20 00 B9 00 13 00 00 03 87 
00 FF FF 00 00 09 00 72 50 00 00 00 00 00 00 03 88 
00 FF FF 00 00 09 00 72 20 00 BA 00 13 00 00 03 89 
00 FF FF 00 00 09 00 72 50 00 00 00 00 00 00 03 8A 
00 FF FF 00 00 09 00 72 20 00 BB 00 13 00 00 03 8B 
00 FF FF 00 00 09 00 72 50 00 00 00 00 00 00 03 8C 
00 FF FF 00 00 09 00 72 20 00 BC 00 13 00 00 03 8D 
00 FF FF 00 00 09 00 72 50 00 00 00 00 00 00 03 8E 
