00 19 19 00 00 14 00 93 00 02 04 00 00 00 0F 8F 0F 86 0F 89 0F 87 0F 88 0F 8A 00 3B 
00 FF FF 00 00 09 00 72 20 00 39 00 00 00 00 08 E2 
00 FF FF 00 00 09 00 72 21 00 1F 00 15 00 01 08 E4 
00 FF FF 00 00 09 00 72 21 00 89 00 13 00 02 08 E5 
00 19 19 00 00 14 00 93 00 02 04 00 00 00 0F 96 0F 8D 0F 8A 0F 8C 0F 8A 0F 8C 00 3B 
00 FF FF 00 00 09 00 72 20 00 3A 00 00 00 00 08 E6 
00 FF FF 00 00 09 00 72 21 00 91 00 13 00 02 09 0C 
00 19 19 00 00 14 00 93 00 15 04 00 00 13 00 91 0F D2 0F CF 0F CE 0F D0 0F CC 00 37 
00 FF FF 00 00 09 00 72 21 00 91 00 13 00 02 09 0D 
00 19 19 00 00 14 00 93 00 15 04 00 00 13 00 91 0F D2 0F CF 0F CE 0F D0 0F CC 00 37 
00 FF FF 00 00 09 00 72 21 00 91 00 13 00 02 09 0E 
00 19 19 00 00 14 00 93 00 15 04 00 00 13 00 91 0F D2 0F CF 0F CE 0F D0 0F CC 00 37 
00 19 19 00 00 14 00 93 00 02 04 00 00 00 0F CE 0F 8B 0F 89 0F 87 0F 8C 0F 8C 00 3B 
00 FF FF 00 00 09 00 72 20 00 42 00 00 00 00 09 0F 
00 FF FF 00 00 09 00 72 50 00 00 00 00 00 00 09 10 
00 FF FF 00 00 09 00 72 21 00 28 00 15 00 01 09 11 
00 19 19 00 00 14 00 93 00 17 04 00 00 15 00 28 0F AF 0F B1 0F B2 0F B1 0F B3 00 39 
00 FF FF 00 00 09 00 72 21 00 92 00 13 00 02 09 12 
00 19 19 00 00 14 00 93 00 15 04 00 00 13 00 92 0F D1 0F D1 0F D0 0F D0 0F CF 00 37 
00 19 19 00 00 14 00 93 00 02 04 00 00 00 0F D5 0F 89 0F 88 0F 8A 0F 88 0F 87 00 3B 
00 FF FF 00 00 09 00 72 20 00 43 00 00 00 00 09 13 
00 FF FF 00 00 09 00 72 50 00 00 00 00 00 00 09 14 
00 FF FF 00 00 09 00 72 21 00 29 00 15 00 01 09 15 
00 19 19 00 00 14 00 93 00 17 04 00 00 15 00 29 0F B0 0F AF 0F B1 0F AF 0F B0 00 39 
00 FF FF 00 00 09 00 72 21 00 93 00 13 00 02 09 16 
00 19 19 00 00 14 00 93 00 15 04 00 00 13 00 93 0F D4 0F CF 0F CF 0F CE 0F D0 00 37 
00 19 19 00 00 14 00 93 00 02 04 00 00 00 0F DC 0F 8C 0F 8C 0F 8B 0F 8C 0F 8B 00 3B 
00 FF FF 00 00 09 00 72 20 00 44 00 00 00 00 09 17 
00 FF FF 00 00 09 00 72 50 00 00 00 00 00 00 09 18 
00 FF FF 00 00 09 00 72 21 00 2A 00 15 00 01 09 19 
00 19 19 00 00 14 00 93 00 17 04 00 00 15 00 2A 0F B0 0F B2 0F B2 0F B2 0F B2 00 39 
00 FF FF 00 00 09 00 72 21 00 94 00 13 00 02 09 1A 
00 19 19 00 00 14 00 93 00 15 04 00 00 13 00 94 0F CD 0F D1 0F D3 0F D2 0F D2 00 37 
00 19 19 00 00 14 00 93 00 02 04 00 00 00 0F E3 0F 8C 0F 88 0F 87 0F 8C 0F 87 00 3B 
00 FF FF 00 00 09 00 72 20 00 45 00 00 00 00 09 1B 
00 FF FF 00 00 09 00 72 50 00 00 00 00 00 00 09 1C 
00 FF FF 00 00 09 00 72 21 00 2B 00 15 00 01 09 1D 
00 19 19 00 00 14 00 93 00 17 04 00 00 15 00 2B 0F B2 0F B0 0F AF 0F B2 0F AF 00 39 
00 FF FF 00 00 09 00 72 21 00 95 00 13 00 02 09 1E 
00 19 19 00 00 14 00 93 00 15 04 00 00 13 00 95 0F D0 0F CD 0F CF 0F D0 0F CF 00 37 
00 19 19 00 00 14 00 93 00 02 04 00 00 00 0F EA 0F 8B 0F 8C 0F 8B 0F 86 0F 87 00 3B 
00 FF FF 00 00 09 00 72 20 00 46 00 00 00 00 09 1F 
00 FF FF 00 00 09 00 72 50 00 00 00 00 00 00 09 20 
00 FF FF 00 00 09 00 72 21 00 2C 00 15 00 01 09 21 
00 19 19 00 00 14 00 93 00 17 04 00 00 15 00 2C 0F B1 0F B2 0F B4 0F B2 0F B2 00 39 
00 FF FF 00 00 09 00 72 21 00 96 00 13 00 02 09 22 
00 19 19 00 00 14 00 93 00 15 04 00 00 13 00 96 0F CF 0F D4 0F CF 0F D2 0F D0 00 37 
00 19 19 00 00 14 00 93 00 02 04 00 00 00 0F F1 0F 89 0F 8A 0F 89 0F 89 0F 89 00 3B 
00 FF FF 00 00 09 00 72 20 00 47 00 00 00 00 09 23 
00 FF FF 00 00 09 00 72 50 00 00 00 00 00 00 09 24 
00 FF FF 00 00 09 00 72 21 00 2D 00 15 00 01 09 25 
00 19 19 00 00 14 00 93 00 17 04 00 00 15 00 2D 0F B4 0F B0 0F AF 0F B0 0F B0 00 39 
00 FF FF 00 00 09 00 72 21 00 97 00 13 00 02 09 26 
00 19 19 00 00 14 00 93 00 15 04 00 00 13 00 97 0F D1 0F CF 0F D0 0F CD 0F CB 00 37 
00 FF FF 00 00 09 00 72 21 00 97 00 13 00 02 09 27 
00 19 19 00 00 14 00 93 00 15 04 00 00 13 00 97 0F D1 0F CF 0F D0 0F CD 0F CB 00 37 
00 FF FF 00 00 09 00 72 21 00 97 00 13 00 02 09 28 
00 19 19 00 00 14 00 93 00 15 04 00 00 13 00 97 0F D1 0F CF 0F D0 0F CD 0F CB 00 37 
00 19 19 00 00 14 00 93 00 02 04 00 00 00 0F F8 0F 8B 0F 8B 0F 8B 0F 8C 0F 8B 00 3B 
00 FF FF 00 00 09 00 72 20 00 48 00 00 00 00 09 29 
00 FF FF 00 00 09 00 72 50 00 00 00 00 00 00 09 2A 
00 FF FF 00 00 09 00 72 21 00 2E 00 15 00 01 09 2B 
00 19 19 00 00 14 00 93 00 17 04 00 00 15 00 2E 0F B0 0F B2 0F B3 0F B3 0F B4 00 39 
00 FF FF 00 00 09 00 72 21 00 98 00 13 00 02 09 2C 
00 19 19 00 00 14 00 93 00 15 04 00 00 13 00 98 0F CE 0F D0 0F D0 0F CD 0F CF 00 37 
00 19 19 00 00 14 00 93 00 02 04 00 00 00 0F FF 0F 8D 0F 87 0F 88 0F 89 0F 89 00 3B 
00 FF FF 00 00 09 00 72 20 00 49 00 00 00 00 09 2D 
00 FF FF 00 00 09 00 72 50 00 00 00 00 00 00 09 2E 
00 FF FF 00 00 09 00 72 21 00 2F 00 15 00 01 09 2F 
00 19 19 00 00 14 00 93 00 17 04 00 00 15 00 2F 0F B3 0F B2 0F B1 0F B2 0F AF 00 39 
00 FF FF 00 00 09 00 72 21 00 99 00 13 00 02 09 30 
00 19 19 00 00 14 00 93 00 15 04 00 00 13 00 99 0F D2 0F CF 0F CE 0F CC 0F CE 00 37 
00 FF FF 00 00 09 00 72 21 00 99 00 13 00 02 09 31 
00 19 19 00 00 14 00 93 00 15 04 00 00 13 00 99 0F D2 0F CF 0F CE 0F CC 0F CE 00 37 
00 FF FF 00 00 09 00 72 21 00 99 00 13 00 02 09 32 
00 19 19 00 00 14 00 93 00 15 04 00 00 13 00 99 0F D2 0F CF 0F CE 0F CC 0F CE 00 37 
00 FF FF 00 00 09 00 72 21 00 99 00 13 00 02 09 33 
00 19 19 00 00 14 00 93 00 15 04 00 00 13 00 99 0F D2 0F CF 0F CE 0F CC 0F CE 00 37 
00 19 19 00 00 14 00 93 00 02 04 00 00 00 10 06 0F 8C 0F 8B 0F 8B 0F 89 0F 8B 00 3B 
00 FF FF 00 00 09 00 72 20 00 4A 00 00 00 00 09 34 
00 FF FF 00 00 09 00 72 50 00 00 00 00 00 00 09 35 
00 FF FF 00 00 09 00 72 21 00 30 00 15 00 01 09 36 
00 19 19 00 00 14 00 93 00 17 04 00 00 15 00 30 0F B2 0F B3 0F B2 0F B1 0F B1 00 39 
00 FF FF 00 00 09 00 72 21 00 9A 00 13 00 02 09 37 
00 19 19 00 00 14 00 93 00 15 04 00 00 13 00 9A 0F CE 0F D1 0F D2 0F CF 0F D2 00 37 
00 FF FF 00 00 09 00 72 21 00 9A 00 13 00 02 09 38 
00 19 19 00 00 14 00 93 00 15 04 00 00 13 00 9A 0F CE 0F D1 0F D2 0F CF 0F D2 00 37 
00 19 19 00 00 14 00 93 00 02 04 00 00 00 10 0D 0F 87 0F 89 0F 88 0F 89 0F 89 00 3B 
00 FF FF 00 00 09 00 72 20 00 4B 00 00 00 00 09 39 
00 FF FF 00 00 09 00 72 50 00 00 00 00 00 00 09 3A 
00 FF FF 00 00 09 00 72 21 00 31 00 15 00 01 09 3B 
00 19 19 00 00 14 00 93 00 17 04 00 00 15 00 31 0F B2 0F AF 0F AF 0F AF 0F AF 00 39 
00 FF FF 00 00 09 00 72 21 00 9B 00 13 00 02 09 3C 
00 19 19 00 00 14 00 93 00 15 04 00 00 13 00 9B 0F CF 0F CF 0F CD 0F CF 0F CA 00 37 
00 FF FF 00 00 09 00 72 21 00 9B 00 13 00 02 09 3D 
00 19 19 00 00 14 00 93 00 15 04 00 00 13 00 9B 0F CF 0F CF 0F CD 0F CF 0F CA 00 37 
00 FF FF 00 00 09 00 72 21 00 9B 00 13 00 02 09 3E 
00 19 19 00 00 14 00 93 00 15 04 00 00 13 00 9B 0F CF 0F CF 0F CD 0F CF 0F CA 00 37 
00 19 19 00 00 14 00 93 00 02 04 00 00 00 10 14 0F 8A 0F 89 0F 8B 0F 8C 0F 90 00 3B 
00 FF FF 00 00 09 00 72 20 00 4C 00 00 00 00 09 3F 
00 FF FF 00 00 09 00 72 50 00 00 00 00 00 00 09 40 
00 FF FF 00 00 09 00 72 21 00 32 00 15 00 01 09 41 
00 19 19 00 00 14 00 93 00 17 04 00 00 15 00 32 0F AE 0F B4 0F B1 0F B1 0F B1 00 39 
00 FF FF 00 00 09 00 72 21 00 9C 00 13 00 02 09 42 
00 19 19 00 00 14 00 93 00 15 04 00 00 13 00 9C 0F CF 0F D1 0F CF 0F D2 0F D1 00 37 
00 19 19 00 00 14 00 93 00 02 04 00 00 00 10 1B 0F 89 0F 88 0F 87 0F 87 0F 87 00 3B 
00 FF FF 00 00 09 00 72 20 00 4D 00 00 00 00 09 43 
00 FF FF 00 00 09 00 72 50 00 00 00 00 00 00 09 44 
00 FF FF 00 00 09 00 72 21 00 33 00 15 00 01 09 45 
00 19 19 00 00 14 00 93 00 17 04 00 00 15 00 33 0F B2 0F AF 0F B1 0F B1 0F B0 00 39 
00 FF FF 00 00 09 00 72 21 00 9D 00 13 00 02 09 46 
00 19 19 00 00 14 00 93 00 15 04 00 00 13 00 9D 0F CF 0F D0 0F CD 0F CF 0F CD 00 37 
00 FF FF 00 00 09 00 72 21 00 9D 00 13 00 02 09 47 
00 19 19 00 00 14 00 93 00 15 04 00 00 13 00 9D 0F CF 0F D0 0F CD 0F CF 0F CD 00 37 
00 19 19 00 00 14 00 93 00 02 04 00 00 00 10 22 0F 8A 0F 8A 0F 8B 0F 8B 0F 87 00 3B 
00 FF FF 00 00 09 00 72 20 00 4E 00 00 00 00 09 48 
00 FF FF 00 00 09 00 72 50 00 00 00 00 00 00 09 49 
00 FF FF 00 00 09 00 72 21 00 34 00 15 00 01 09 4A 
00 19 19 00 00 14 00 93 00 17 04 00 00 15 00 34 0F B0 0F B4 0F B1 0F B0 0F B3 00 39 
00 FF FF 00 00 09 00 72 21 00 9E 00 13 00 02 09 4B 
00 19 19 00 00 14 00 93 00 15 04 00 00 13 00 9E 0F D0 0F CE 0F D1 0F CF 0F CF 00 37 
00 FF FF 00 00 09 00 72 21 00 9E 00 13 00 02 09 4C 
00 19 19 00 00 14 00 93 00 15 04 00 00 13 00 9E 0F D0 0F CE 0F D1 0F CF 0F CF 00 37 
00 FF FF 00 00 09 00 72 21 00 9E 00 13 00 02 09 4D 
00 19 19 00 00 14 00 93 00 15 04 00 00 13 00 9E 0F D0 0F CE 0F D1 0F CF 0F CF 00 37 
00 19 19 00 00 14 00 93 00 02 04 00 00 00 10 29 0F 87 0F 89 0F 86 0F 89 0F 88 00 3B 
00 FF FF 00 00 09 00 72 20 00 4F 00 00 00 00 09 4E 
00 FF FF 00 00 09 00 72 50 00 00 00 00 00 00 09 4F 
00 FF FF 00 00 09 00 72 21 00 35 00 15 00 01 09 50 
00 19 19 00 00 14 00 93 00 17 04 00 00 15 00 35 0F B4 0F B1 0F B0 0F B0 0F B0 00 39 
00 FF FF 00 00 09 00 72 21 00 9F 00 13 00 02 09 51 
00 19 19 00 00 14 00 93 00 15 04 00 00 13 00 9F 0F D1 0F CF 0F CF 0F CD 0F D1 00 37 
00 FF FF 00 00 09 00 72 21 00 9F 00 13 00 02 09 52 
00 19 19 00 00 14 00 93 00 15 04 00 00 13 00 9F 0F D1 0F CF 0F CF 0F CD 0F D1 00 37 
00 19 19 00 00 14 00 93 00 02 04 00 00 00 10 30 0F 8A 0F 8A 0F 89 0F 8B 0F 8B 00 3B 
00 FF FF 00 00 09 00 72 20 00 50 00 00 00 00 09 53 
00 FF FF 00 00 09 00 72 50 00 00 00 00 00 00 09 54 
00 FF FF 00 00 09 00 72 21 00 36 00 15 00 01 09 55 
00 19 19 00 00 14 00 93 00 17 04 00 00 15 00 36 0F B3 0F B3 0F B2 0F B2 0F B3 00 39 
00 FF FF 00 00 09 00 72 21 00 A0 00 13 00 02 09 56 
00 19 19 00 00 14 00 93 00 15 04 00 00 13 00 A0 0F CD 0F D0 0F D2 0F D3 0F D5 00 37 
00 19 19 00 00 14 00 93 00 02 04 00 00 00 10 37 0F 89 0F 86 0F 89 0F 87 0F 89 00 3B 
00 FF FF 00 00 09 00 72 20 00 51 00 00 00 00 09 57 
00 FF FF 00 00 09 00 72 50 00 00 00 00 00 00 09 58 
00 FF FF 00 00 09 00 72 21 00 37 00 15 00 01 09 59 
00 19 19 00 00 14 00 93 00 17 04 00 00 15 00 37 0F B3 0F AE 0F B0 0F AF 0F AF 00 39 
00 FF FF 00 00 09 00 72 21 00 A1 00 13 00 02 09 5A 
00 19 19 00 00 14 00 93 00 15 04 00 00 13 00 A1 0F D2 0F CF 0F D2 0F CF 0F CF 00 37 
00 FF FF 00 00 09 00 72 21 00 A1 00 13 00 02 09 5B 
00 19 19 00 00 14 00 93 00 15 04 00 00 13 00 A1 0F D2 0F CF 0F D2 0F CF 0F CF 00 37 
00 19 19 00 00 14 00 93 00 02 04 00 00 00 10 3E 0F 8E 0F 8E 0F 8E 0F 8B 0F 8B 00 3B 
00 FF FF 00 00 09 00 72 20 00 52 00 00 00 00 09 5C 
00 FF FF 00 00 09 00 72 50 00 00 00 00 00 00 09 5D 
00 FF FF 00 00 09 00 72 21 00 38 00 15 00 01 09 5E 
00 19 19 00 00 14 00 93 00 17 04 00 00 15 00 38 0F AF 0F B1 0F B2 0F B2 0F B4 00 39 
00 FF FF 00 00 09 00 72 21 00 A2 00 13 00 02 09 5F 
00 19 19 00 00 14 00 93 00 15 04 00 00 13 00 A2 0F CF 0F D2 0F D4 0F D2 0F D0 00 37 
00 FF FF 00 00 09 00 72 21 00 A2 00 13 00 02 09 60 
00 19 19 00 00 14 00 93 00 15 04 00 00 13 00 A2 0F CF 0F D2 0F D4 0F D2 0F D0 00 37 
00 FF FF 00 00 09 00 72 21 00 A2 00 13 00 02 09 61 
00 19 19 00 00 14 00 93 00 15 04 00 00 13 00 A2 0F CF 0F D2 0F D4 0F D2 0F D0 00 37 
00 19 19 00 00 14 00 93 00 02 04 00 00 00 10 45 0F 86 0F 88 0F 8A 0F 89 0F 86 00 3B 
00 FF FF 00 00 09 00 72 20 00 53 00 00 00 00 09 62 
00 FF FF 00 00 09 00 72 50 00 00 00 00 00 00 09 63 
00 FF FF 00 00 09 00 72 21 00 39 00 15 00 01 09 64 
00 19 19 00 00 14 00 93 00 17 04 00 00 15 00 39 0F B3 0F B0 0F AF 0F AF 0F B0 00 39 
00 FF FF 00 00 09 00 72 21 00 A3 00 13 00 02 09 65 
00 19 19 00 00 14 00 93 00 15 04 00 00 13 00 A3 0F D3 0F CF 0F CF 0F CD 0F CF 00 37 
00 19 19 00 00 14 00 93 00 02 04 00 00 00 10 4C 0F 8B 0F 8E 0F 8B 0F 8E 0F 8B 00 3B 
00 FF FF 00 00 09 00 72 20 00 54 00 00 00 00 09 66 
00 FF FF 00 00 09 00 72 50 00 00 00 00 00 00 09 67 
00 FF FF 00 00 09 00 72 21 00 3A 00 15 00 01 09 68 
00 19 19 00 00 14 00 93 00 17 04 00 00 15 00 3A 0F B0 0F AF 0F B2 0F B2 0F B1 00 39 
00 FF FF 00 00 09 00 72 21 00 A4 00 13 00 02 09 69 
00 19 19 00 00 14 00 93 00 15 04 00 00 13 00 A4 0F CF 0F D2 0F D1 0F D0 0F CB 00 37 
00 FF FF 00 00 09 00 72 21 00 A4 00 13 00 02 09 6A 
00 19 19 00 00 14 00 93 00 15 04 00 00 13 00 A4 0F CF 0F D2 0F D1 0F D0 0F CB 00 37 
00 19 19 00 00 14 00 93 00 02 04 00 00 00 10 53 0F 8C 0F 87 0F 89 0F 8A 0F 8A 00 3B 
00 FF FF 00 00 09 00 72 20 00 55 00 00 00 00 09 6B 
00 FF FF 00 00 09 00 72 50 00 00 00 00 00 00 09 6C 
00 FF FF 00 00 09 00 72 21 00 3B 00 15 00 01 09 6D 
00 19 19 00 00 14 00 93 00 17 04 00 00 15 00 3B 0F B3 0F B2 0F AF 0F AF 0F B1 00 39 
00 FF FF 00 00 09 00 72 21 00 A5 00 13 00 02 09 6E 
00 19 19 00 00 14 00 93 00 15 04 00 00 13 00 A5 0F D1 0F CE 0F CE 0F CF 0F CF 00 37 
00 19 19 00 00 14 00 93 00 02 04 00 00 00 10 5A 0F 8E 0F 8C 0F 8C 0F 89 0F 8C 00 3B 
00 FF FF 00 00 09 00 72 20 00 56 00 00 00 00 09 6F 
00 FF FF 00 00 09 00 72 50 00 00 00 00 00 00 09 70 
00 FF FF 00 00 09 00 72 21 00 3C 00 15 00 01 09 71 
00 19 19 00 00 14 00 93 00 17 04 00 00 15 00 3C 0F B4 0F B3 0F B1 0F B4 0F B4 00 39 
00 FF FF 00 00 09 00 72 21 00 A6 00 13 00 02 09 72 
00 19 19 00 00 14 00 93 00 15 04 00 00 13 00 A6 0F D0 0F D0 0F D1 0F D0 0F CF 00 37 
00 19 19 00 00 14 00 93 00 02 04 00 00 00 10 61 0F 8A 0F 88 0F 8B 0F 89 0F 8A 00 3B 
00 FF FF 00 00 09 00 72 20 00 57 00 00 00 00 09 73 
00 FF FF 00 00 09 00 72 50 00 00 00 00 00 00 09 74 
00 FF FF 00 00 09 00 72 21 00 3D 00 15 00 01 09 75 
00 19 19 00 00 14 00 93 00 17 04 00 00 15 00 3D 0F AF 0F B2 0F B2 0F B2 0F B2 00 39 
00 FF FF 00 00 09 00 72 21 00 A7 00 13 00 02 09 76 
00 19 19 00 00 14 00 93 00 15 04 00 00 13 00 A7 0F D2 0F D0 0F CF 0F CF 0F CF 00 37 
00 19 19 00 00 14 00 93 00 02 04 00 00 00 10 68 0F 89 0F 8E 0F 8C 0F 8E 0F 8B 00 3B 
00 FF FF 00 00 09 00 72 20 00 58 00 00 00 00 09 77 
00 FF FF 00 00 09 00 72 50 00 00 00 00 00 00 09 78 
00 FF FF 00 00 09 00 72 21 00 3E 00 15 00 01 09 79 
00 19 19 00 00 14 00 93 00 17 04 00 00 15 00 3E 0F B1 0F B6 0F B4 0F B2 0F B3 00 39 
00 FF FF 00 00 09 00 72 21 00 A8 00 13 00 02 09 7A 
00 19 19 00 00 14 00 93 00 15 04 00 00 13 00 A8 0F D0 0F D4 0F D3 0F D2 0F D0 00 37 
00 FF FF 00 00 09 00 72 21 00 A8 00 13 00 02 09 7B 
00 19 19 00 00 14 00 93 00 15 04 00 00 13 00 A8 0F D0 0F D4 0F D3 0F D2 0F D0 00 37 
00 19 19 00 00 14 00 93 00 02 04 00 00 00 10 6F 0F 88 0F 8C 0F 8A 0F 89 0F 87 00 3B 
00 FF FF 00 00 09 00 72 20 00 59 00 00 00 00 09 7C 
00 FF FF 00 00 09 00 72 50 00 00 00 00 00 00 09 7D 
00 FF FF 00 00 09 00 72 21 00 3F 00 15 00 01 09 7E 
00 19 19 00 00 14 00 93 00 17 04 00 00 15 00 3F 0F B3 0F B2 0F B3 0F B2 0F B2 00 39 
00 FF FF 00 00 09 00 72 21 00 A9 00 13 00 02 09 7F 
00 19 19 00 00 14 00 93 00 15 04 00 00 13 00 A9 0F D3 0F CD 0F D0 0F CF 0F CF 00 37 
00 FF FF 00 00 09 00 72 21 00 A9 00 13 00 02 09 80 
00 19 19 00 00 14 00 93 00 15 04 00 00 13 00 A9 0F D3 0F CD 0F D0 0F CF 0F CF 00 37 
00 19 19 00 00 14 00 93 00 02 04 00 00 00 10 76 0F 8B 0F 8A 0F 8C 0F 89 0F 89 00 3B 
00 FF FF 00 00 09 00 72 20 00 5A 00 00 00 00 09 81 
00 FF FF 00 00 09 00 72 50 00 00 00 00 00 00 09 82 
00 FF FF 00 00 09 00 72 21 00 40 00 15 00 01 09 83 
00 19 19 00 00 14 00 93 00 17 04 00 00 15 00 40 0F B2 0F B4 0F B6 0F B4 0F B5 00 39 
00 FF FF 00 00 09 00 72 21 00 AA 00 13 00 02 09 84 
00 19 19 00 00 14 00 93 00 15 04 00 00 13 00 AA 0F CF 0F D2 0F D4 0F D2 0F D0 00 37 
00 19 19 00 00 14 00 93 00 02 04 00 00 00 10 7D 0F 89 0F 89 0F 8B 0F 89 0F 89 00 3B 
00 FF FF 00 00 09 00 72 20 00 5B 00 00 00 00 09 85 
00 FF FF 00 00 09 00 72 50 00 00 00 00 00 00 09 86 
00 FF FF 00 00 09 00 72 21 00 41 00 15 00 01 09 87 
00 19 19 00 00 14 00 93 00 17 04 00 00 15 00 41 0F B4 0F B1 0F B2 0F B3 0F B1 00 39 
00 FF FF 00 00 09 00 72 21 00 AB 00 13 00 02 09 88 
00 19 19 00 00 14 00 93 00 15 04 00 00 13 00 AB 0F D4 0F D0 0F D0 0F D0 0F D1 00 37 
00 19 19 00 00 14 00 93 00 02 04 00 00 00 10 84 0F 8A 0F 8B 0F 8C 0F 8C 0F 8B 00 3B 
00 FF FF 00 00 09 00 72 20 00 5C 00 00 00 00 09 89 
00 FF FF 00 00 09 00 72 50 00 00 00 00 00 00 09 8A 
00 FF FF 00 00 09 00 72 21 00 42 00 15 00 01 09 8B 
00 19 19 00 00 14 00 93 00 17 04 00 00 15 00 42 0F B3 0F B3 0F B4 0F B2 0F B3 00 39 
00 FF FF 00 00 09 00 72 21 00 AC 00 13 00 02 09 8C 
00 19 19 00 00 14 00 93 00 15 04 00 00 13 00 AC 0F D2 0F CE 0F D4 0F D1 0F CF 00 37 
00 19 19 00 00 14 00 93 00 02 04 00 00 00 10 8B 0F 87 0F 88 0F 89 0F 86 0F 8B 00 3B 
00 FF FF 00 00 09 00 72 20 00 5D 00 00 00 00 09 8D 
00 FF FF 00 00 09 00 72 50 00 00 00 00 00 00 09 8E 
00 FF FF 00 00 09 00 72 21 00 43 00 15 00 01 09 8F 
00 19 19 00 00 14 00 93 00 17 04 00 00 15 00 43 0F B3 0F AF 0F B1 0F B3 0F B0 00 39 
00 FF FF 00 00 09 00 72 21 00 AD 00 13 00 02 09 90 
00 19 19 00 00 14 00 93 00 15 04 00 00 13 00 AD 0F D1 0F CF 0F CF 0F D1 0F D0 00 37 
00 FF FF 00 00 09 00 72 21 00 AD 00 13 00 02 09 91 
00 19 19 00 00 14 00 93 00 15 04 00 00 13 00 AD 0F D1 0F CF 0F CF 0F D1 0F D0 00 37 
00 FF FF 00 00 09 00 72 21 00 AD 00 13 00 02 09 92 
00 19 19 00 00 14 00 93 00 15 04 00 00 13 00 AD 0F D1 0F CF 0F CF 0F D1 0F D0 00 37 
00 19 19 00 00 14 00 93 00 02 04 00 00 00 10 92 0F 89 0F 8B 0F 8B 0F 8B 0F 89 00 3B 
00 FF FF 00 00 09 00 72 20 00 5E 00 00 00 00 09 93 
00 FF FF 00 00 09 00 72 50 00 00 00 00 00 00 09 94 
00 FF FF 00 00 09 00 72 21 00 44 00 15 00 01 09 95 
00 19 19 00 00 14 00 93 00 17 04 00 00 15 00 44 0F B0 0F B3 0F B4 0F B3 0F B2 00 39 
00 FF FF 00 00 09 00 72 21 00 AE 00 13 00 02 09 96 
00 19 19 00 00 14 00 93 00 15 04 00 00 13 00 AE 0F CD 0F D2 0F D3 0F D1 0F D1 00 37 
00 19 19 00 00 14 00 93 00 02 04 00 00 00 10 99 0F 8E 0F 88 0F 88 0F 8C 0F 8B 00 3B 
00 FF FF 00 00 09 00 72 20 00 5F 00 00 00 00 09 97 
00 FF FF 00 00 09 00 72 50 00 00 00 00 00 00 09 98 
00 FF FF 00 00 09 00 72 21 00 45 00 15 00 01 09 99 
00 19 19 00 00 14 00 93 00 17 04 00 00 15 00 45 0F B1 0F AF 0F B0 0F AF 0F AF 00 39 
00 FF FF 00 00 09 00 72 21 00 AF 00 13 00 02 09 9A 
00 19 19 00 00 14 00 93 00 15 04 00 00 13 00 AF 0F CD 0F CF 0F CF 0F CE 0F D0 00 37 
00 19 19 00 00 14 00 93 00 02 04 00 00 00 10 A0 0F 8B 0F 8B 0F 8B 0F 8C 0F 8D 00 3B 
00 FF FF 00 00 09 00 72 20 00 60 00 00 00 00 09 9B 
00 FF FF 00 00 09 00 72 50 00 00 00 00 00 00 09 9C 
00 FF FF 00 00 09 00 72 21 00 46 00 15 00 01 09 9D 
00 19 19 00 00 14 00 93 00 17 04 00 00 15 00 46 0F AE 0F B1 0F B0 0F B2 0F B1 00 39 
00 FF FF 00 00 09 00 72 21 00 B0 00 13 00 02 09 9E 
00 19 19 00 00 14 00 93 00 15 04 00 00 13 00 B0 0F D0 0F CF 0F D1 0F D1 0F D1 00 37 
00 FF FF 00 00 09 00 72 21 00 B0 00 13 00 02 09 9F 
00 19 19 00 00 14 00 93 00 15 04 00 00 13 00 B0 0F D0 0F CF 0F D1 0F D1 0F D1 00 37 
00 19 19 00 00 14 00 93 00 02 04 00 00 00 10 A7 0F 88 0F 89 0F 88 0F 88 0F 8A 00 3B 
00 FF FF 00 00 09 00 72 20 00 61 00 00 00 00 09 A0 
00 FF FF 00 00 09 00 72 50 00 00 00 00 00 00 09 A1 
00 FF FF 00 00 09 00 72 21 00 47 00 15 00 01 09 A2 
00 19 19 00 00 14 00 93 00 17 04 00 00 15 00 47 0F B1 0F AF 0F B0 0F AF 0F AF 00 39 
00 FF FF 00 00 09 00 72 21 00 B1 00 13 00 02 09 A3 
00 19 19 00 00 14 00 93 00 15 04 00 00 13 00 B1 0F D1 0F D0 0F CF 0F CE 0F D0 00 37 
00 FF FF 00 00 09 00 72 21 00 B1 00 13 00 02 09 A4 
00 19 19 00 00 14 00 93 00 15 04 00 00 13 00 B1 0F D1 0F D0 0F CF 0F CE 0F D0 00 37 
00 19 19 00 00 14 00 93 00 02 04 00 00 00 10 AE 0F 8C 0F 8F 0F 8C 0F 8D 0F 8C 00 3B 
00 FF FF 00 00 09 00 72 20 00 62 00 00 00 00 09 A5 
00 FF FF 00 00 09 00 72 50 00 00 00 00 00 00 09 A6 
00 FF FF 00 00 09 00 72 21 00 B1 00 13 00 02 09 A7 
00 19 19 00 00 14 00 93 00 15 04 00 00 13 00 B1 0F D1 0F D0 0F CF 0F CE 0F D0 00 37 
00 FF FF 00 00 09 00 72 21 00 48 00 15 00 01 09 A8 
00 19 19 00 00 14 00 93 00 17 04 00 00 15 00 48 0F AE 0F B0 0F B0 0F AF 0F B2 00 39 
00 FF FF 00 00 09 00 72 21 00 B2 00 13 00 02 09 A9 
00 19 19 00 00 14 00 93 00 15 04 00 00 13 00 B2 0F D0 0F D2 0F D1 0F D2 0F D2 00 37 
00 19 19 00 00 14 00 93 00 02 04 00 00 00 10 B5 0F 87 0F 87 0F 8A 0F 87 0F 8B 00 3B 
00 FF FF 00 00 09 00 72 20 00 63 00 00 00 00 09 AA 
00 FF FF 00 00 09 00 72 50 00 00 00 00 00 00 09 AB 
00 FF FF 00 00 09 00 72 21 00 49 00 15 00 01 09 AC 
00 19 19 00 00 14 00 93 00 17 04 00 00 15 00 49 0F B1 0F B0 0F AD 0F AE 0F AF 00 39 
00 FF FF 00 00 09 00 72 21 00 B3 00 13 00 02 09 AD 
00 19 19 00 00 14 00 93 00 15 04 00 00 13 00 B3 0F D1 0F CE 0F D0 0F CF 0F CE 00 37 
00 FF FF 00 00 09 00 72 21 00 B3 00 13 00 02 09 AE 
00 19 19 00 00 14 00 93 00 15 04 00 00 13 00 B3 0F D1 0F CE 0F D0 0F CF 0F CE 00 37 
00 FF FF 00 00 09 00 72 21 00 B3 00 13 00 02 09 AF 
00 19 19 00 00 14 00 93 00 15 04 00 00 13 00 B3 0F D1 0F CE 0F D0 0F CF 0F CE 00 37 
00 19 19 00 00 14 00 93 00 02 04 00 00 00 10 BC 0F 89 0F 8C 0F 8A 0F 8D 0F 8A 00 3B 
00 FF FF 00 00 09 00 72 20 00 64 00 00 00 00 09 B0 
00 FF FF 00 00 09 00 72 50 00 00 00 00 00 00 09 B1 
00 FF FF 00 00 09 00 72 21 00 4A 00 15 00 01 09 B2 
00 19 19 00 00 14 00 93 00 17 04 00 00 15 00 4A 0F AF 0F B0 0F AF 0F B1 0F B0 00 39 
00 FF FF 00 00 09 00 72 21 00 B4 00 13 00 02 09 B3 
00 19 19 00 00 14 00 93 00 15 04 00 00 13 00 B4 0F CF 0F D3 0F D0 0F D2 0F D1 00 37 
00 19 19 00 00 14 00 93 00 02 04 00 00 00 10 C3 0F 87 0F 8B 0F 89 0F 87 0F 86 00 3B 
00 FF FF 00 00 09 00 72 20 00 65 00 00 00 00 09 B4 
00 FF FF 00 00 09 00 72 50 00 00 00 00 00 00 09 B5 
00 FF FF 00 00 09 00 72 21 00 4B 00 15 00 01 09 B6 
00 19 19 00 00 14 00 93 00 17 04 00 00 15 00 4B 0F B0 0F AF 0F B0 0F AF 0F AF 00 39 
