00 FF FF 00 00 09 00 72 33 00 00 00 00 00 00 00 D3 
00 FF FF 00 00 09 00 72 21 00 10 00 15 00 01 00 D4 
00 19 19 00 00 14 00 93 00 02 04 00 00 00 01 42 0F 8D 0F 8D 0F 8A 0F 8D 0F 8D 00 3B 
00 FF FF 00 00 09 00 72 50 00 00 00 00 00 00 00 D6 
00 FF FF 00 00 09 00 72 21 00 06 00 13 00 02 00 D7 
00 FF FF 00 00 09 00 72 21 00 11 00 15 00 01 00 D8 
00 FF FF 00 00 09 00 72 21 00 15 00 15 00 01 00 E8 
00 19 19 00 00 14 00 93 00 17 04 00 00 15 00 15 0F B3 0F B3 0F B1 0F B1 0F B4 00 39 
00 19 19 00 00 14 00 93 00 02 04 00 00 00 01 65 0F 89 0F 8A 0F 89 0F 89 0F 8A 00 3B 
00 FF FF 00 00 09 00 72 20 00 33 00 00 00 00 00 E9 
00 FF FF 00 00 09 00 72 50 00 00 00 00 00 00 00 EA 
00 FF FF 00 00 09 00 72 21 00 0B 00 13 00 02 00 EB 
00 19 19 00 00 14 00 93 00 15 04 00 00 13 00 10 0F CC 0F C7 0F C7 0F CA 0F C3 00 37 
00 FF FF 00 00 09 00 72 21 00 16 00 15 00 01 00 EC 
00 19 19 00 00 14 00 93 00 17 04 00 00 15 00 16 0F B3 0F B5 0F B5 0F B8 0F B5 00 39 
00 19 19 00 00 14 00 93 00 02 04 00 00 00 01 6C 0F 8E 0F 8C 0F 8B 0F 8B 0F 8A 00 3B 
00 FF FF 00 00 09 00 72 20 00 34 00 00 00 00 00 ED 
00 FF FF 00 00 09 00 72 50 00 00 00 00 00 00 00 EE 
00 FF FF 00 00 09 00 72 21 00 0C 00 13 00 02 00 EF 
00 19 19 00 00 14 00 93 00 15 04 00 00 13 00 11 0F CA 0F CB 0F CC 0F CB 0F CC 00 37 
00 FF FF 00 00 09 00 72 33 00 00 00 00 00 00 00 F0 
00 FF FF 00 00 09 00 72 21 00 17 00 15 00 01 00 F1 
00 19 19 00 00 14 00 93 00 17 04 00 00 15 00 17 0F B3 0F B1 0F B4 0F B1 0F B4 00 39 
00 19 19 00 00 14 00 93 00 02 04 00 00 00 01 73 0F 8A 0F 89 0F 89 0F 8A 0F 88 00 3B 
00 FF FF 00 00 09 00 72 20 00 35 00 00 00 00 00 F2 
00 FF FF 00 00 09 00 72 50 00 00 00 00 00 00 00 F3 
00 FF FF 00 00 09 00 72 21 00 0D 00 13 00 02 00 F4 
00 19 19 00 00 14 00 93 00 15 04 00 00 13 00 12 0F CC 0F C8 0F C8 0F CC 0F CB 00 37 
00 FF FF 00 00 09 00 72 21 00 18 00 15 00 01 00 F5 
00 19 19 00 00 14 00 93 00 17 04 00 00 15 00 18 0F B3 0F B8 0F B6 0F B6 0F B4 00 39 
00 19 19 00 00 14 00 93 00 02 04 00 00 00 01 7A 0F 8B 0F 8B 0F 8D 0F 8A 0F 8C 00 3B 
00 FF FF 00 00 09 00 72 20 00 36 00 00 00 00 00 F6 
00 FF FF 00 00 09 00 72 50 00 00 00 00 00 00 00 F7 
00 FF FF 00 00 09 00 72 21 00 0E 00 13 00 02 00 F8 
00 19 19 00 00 14 00 93 00 15 04 00 00 13 00 13 0F C9 0F C9 0F CB 0F CD 0F CC 00 37 
00 FF FF 00 00 09 00 72 21 00 19 00 15 00 01 00 F9 
00 19 19 00 00 14 00 93 00 17 04 00 00 15 00 19 0F B3 0F B3 0F B3 0F B1 0F B4 00 39 
00 19 19 00 00 14 00 93 00 02 04 00 00 00 01 81 0F 8B 0F 8A 0F 8A 0F 8A 0F 87 00 3B 
00 FF FF 00 00 09 00 72 20 00 37 00 00 00 00 00 FA 
00 FF FF 00 00 09 00 72 50 00 00 00 00 00 00 00 FB 
00 FF FF 00 00 09 00 72 21 00 0F 00 13 00 02 00 FC 
00 19 19 00 00 14 00 93 00 15 04 00 00 13 00 14 0F C9 0F C9 0F C9 0F CA 0F CC 00 37 
00 FF FF 00 00 09 00 72 21 00 1A 00 15 00 01 00 FD 
00 19 19 00 00 14 00 93 00 17 04 00 00 15 00 1A 0F B3 0F B6 0F B5 0F B7 0F B5 00 39 
00 19 19 00 00 14 00 93 00 02 04 00 00 00 01 88 0F 8B 0F 8D 0F 8B 0F 8A 0F 8C 00 3B 
00 FF FF 00 00 09 00 72 20 00 38 00 00 00 00 00 FE 
00 FF FF 00 00 09 00 72 50 00 00 00 00 00 00 00 FF 
00 FF FF 00 00 09 00 72 21 00 10 00 13 00 02 01 00 
00 19 19 00 00 14 00 93 00 15 04 00 00 13 00 15 0F CD 0F CB 0F CC 0F CA 0F CD 00 37 
00 FF FF 00 00 09 00 72 21 00 10 00 13 00 02 01 01 
00 19 19 00 00 14 00 93 00 15 04 00 00 13 00 15 0F CD 0F CB 0F CC 0F CA 0F CD 00 37 
00 FF FF 00 00 09 00 72 21 00 1B 00 15 00 01 01 02 
00 19 19 00 00 14 00 93 00 17 04 00 00 15 00 1B 0F B6 0F B6 0F B4 0F B5 0F B3 00 39 
00 19 19 00 00 14 00 93 00 02 04 00 00 00 01 8F 0F 8A 0F 8A 0F 88 0F 89 0F 88 00 3B 
00 FF FF 00 00 09 00 72 20 00 39 00 00 00 00 01 03 
00 FF FF 00 00 09 00 72 50 00 00 00 00 00 00 01 04 
00 FF FF 00 00 09 00 72 21 00 11 00 13 00 02 01 05 
00 19 19 00 00 14 00 93 00 15 04 00 00 13 00 16 0F D1 0F C4 0F C8 0F CB 0F CC 00 37 
00 FF FF 00 00 09 00 72 21 00 1C 00 15 00 01 01 06 
00 19 19 00 00 14 00 93 00 17 04 00 00 15 00 1C 0F B8 0F B7 0F B7 0F B5 0F B4 00 39 
00 19 19 00 00 14 00 93 00 02 04 00 00 00 01 96 0F 8D 0F 8B 0F 8C 0F 8B 0F 8C 00 3B 
00 FF FF 00 00 09 00 72 20 00 3A 00 00 00 00 01 07 
00 FF FF 00 00 09 00 72 50 00 00 00 00 00 00 01 08 
00 FF FF 00 00 09 00 72 21 00 12 00 13 00 02 01 09 
00 19 19 00 00 14 00 93 00 15 04 00 00 13 00 17 0F CA 0F D1 0F CE 0F CF 0F CD 00 37 
00 FF FF 00 00 09 00 72 21 00 1D 00 15 00 01 01 0A 
00 19 19 00 00 14 00 93 00 17 04 00 00 15 00 1D 0F B6 0F B3 0F B3 0F B4 0F B5 00 39 
00 19 19 00 00 14 00 93 00 02 04 00 00 00 01 9D 0F 8A 0F 8A 0F 8A 0F 89 0F 8A 00 3B 
00 FF FF 00 00 09 00 72 20 00 3B 00 00 00 00 01 0B 
00 FF FF 00 00 09 00 72 50 00 00 00 00 00 00 01 0C 
00 FF FF 00 00 09 00 72 21 00 13 00 13 00 02 01 0D 
00 19 19 00 00 14 00 93 00 15 04 00 00 13 00 18 0F C8 0F CB 0F CD 0F CB 0F C9 00 37 
00 FF FF 00 00 09 00 72 21 00 1E 00 15 00 01 01 0E 
00 19 19 00 00 14 00 93 00 17 04 00 00 15 00 1E 0F B5 0F B8 0F B1 0F B5 0F B3 00 39 
00 19 19 00 00 14 00 93 00 02 04 00 00 00 01 A4 0F 8A 0F 8A 0F 8B 0F 8B 0F 8A 00 3B 
00 FF FF 00 00 09 00 72 20 00 3C 00 00 00 00 01 0F 
00 FF FF 00 00 09 00 72 50 00 00 00 00 00 00 01 10 
00 FF FF 00 00 09 00 72 21 00 14 00 13 00 02 01 11 
00 19 19 00 00 14 00 93 00 15 04 00 00 13 00 19 0F C8 0F CE 0F CB 0F CB 0F CF 00 37 
00 FF FF 00 00 09 00 72 21 00 1F 00 15 00 01 01 12 
00 19 19 00 00 14 00 93 00 17 04 00 00 15 00 1F 0F B1 0F B4 0F B4 0F B0 0F B5 00 39 
00 19 19 00 00 14 00 93 00 02 04 00 00 00 01 AB 0F 89 0F 87 0F 89 0F 89 0F 8A 00 3B 
00 FF FF 00 00 09 00 72 20 00 3D 00 00 00 00 01 13 
00 FF FF 00 00 09 00 72 50 00 00 00 00 00 00 01 14 
00 FF FF 00 00 09 00 72 21 00 15 00 13 00 02 01 15 
00 19 19 00 00 14 00 93 00 15 04 00 00 13 00 1A 0F CA 0F CA 0F CC 0F CC 0F C9 00 37 
00 FF FF 00 00 09 00 72 21 00 20 00 15 00 01 01 16 
00 19 19 00 00 14 00 93 00 17 04 00 00 15 00 20 0F B5 0F BA 0F B7 0F B7 0F B8 00 39 
00 19 19 00 00 14 00 93 00 02 04 00 00 00 01 B2 0F 8C 0F 8B 0F 8D 0F 8C 0F 8B 00 3B 
00 FF FF 00 00 09 00 72 20 00 3E 00 00 00 00 01 17 
00 FF FF 00 00 09 00 72 50 00 00 00 00 00 00 01 18 
00 FF FF 00 00 09 00 72 21 00 16 00 13 00 02 01 19 
00 19 19 00 00 14 00 93 00 15 04 00 00 13 00 1B 0F CB 0F CF 0F CC 0F CB 0F CE 00 37 
00 FF FF 00 00 09 00 72 21 00 21 00 15 00 01 01 1A 
00 19 19 00 00 14 00 93 00 17 04 00 00 15 00 21 0F B4 0F B6 0F B4 0F B2 0F B3 00 39 
00 19 19 00 00 14 00 93 00 02 04 00 00 00 01 B9 0F 89 0F 89 0F 89 0F 85 0F 8A 00 3B 
00 FF FF 00 00 09 00 72 20 00 3F 00 00 00 00 01 1B 
00 FF FF 00 00 09 00 72 50 00 00 00 00 00 00 01 1C 
00 FF FF 00 00 09 00 72 21 00 17 00 13 00 02 01 1D 
00 19 19 00 00 14 00 93 00 15 04 00 00 13 00 1C 0F CE 0F CB 0F CC 0F CA 0F CC 00 37 
00 FF FF 00 00 09 00 72 21 00 22 00 15 00 01 01 1E 
00 19 19 00 00 14 00 93 00 17 04 00 00 15 00 22 0F B8 0F BA 0F B7 0F B8 0F B8 00 39 
00 19 19 00 00 14 00 93 00 02 04 00 00 00 01 C0 0F 8E 0F 8C 0F 8E 0F 8C 0F 8A 00 3B 
00 FF FF 00 00 09 00 72 20 00 40 00 00 00 00 01 1F 
00 FF FF 00 00 09 00 72 50 00 00 00 00 00 00 01 20 
00 FF FF 00 00 09 00 72 21 00 18 00 13 00 02 01 21 
00 19 19 00 00 14 00 93 00 15 04 00 00 13 00 1D 0F CE 0F CC 0F CD 0F CC 0F CC 00 37 
00 FF FF 00 00 09 00 72 33 00 00 00 00 00 00 01 22 
00 FF FF 00 00 09 00 72 21 00 23 00 15 00 01 01 23 
00 19 19 00 00 14 00 93 00 17 04 00 00 15 00 23 0F B3 0F B7 0F B5 0F B6 0F B4 00 39 
00 19 19 00 00 14 00 93 00 02 04 00 00 00 01 C7 0F 8C 0F 8A 0F 88 0F 87 0F 87 00 3B 
00 FF FF 00 00 09 00 72 20 00 41 00 00 00 00 01 24 
00 FF FF 00 00 09 00 72 50 00 00 00 00 00 00 01 25 
00 FF FF 00 00 09 00 72 21 00 19 00 13 00 02 01 26 
00 19 19 00 00 14 00 93 00 15 04 00 00 13 00 1E 0F CB 0F CC 0F C9 0F CD 0F CF 00 37 
00 FF FF 00 00 09 00 72 21 00 24 00 15 00 01 01 27 
00 19 19 00 00 14 00 93 00 17 04 00 00 15 00 24 0F B5 0F B6 0F B6 0F B8 0F B7 00 39 
00 19 19 00 00 14 00 93 00 02 04 00 00 00 01 CE 0F 8C 0F 8C 0F 8D 0F 8D 0F 8B 00 3B 
00 FF FF 00 00 09 00 72 20 00 42 00 00 00 00 01 28 
00 FF FF 00 00 09 00 72 50 00 00 00 00 00 00 01 29 
00 FF FF 00 00 09 00 72 21 00 1A 00 13 00 02 01 2A 
00 19 19 00 00 14 00 93 00 15 04 00 00 13 00 1F 0F CC 0F CE 0F CF 0F CC 0F CB 00 37 
00 FF FF 00 00 09 00 72 21 00 25 00 15 00 01 01 2B 
00 19 19 00 00 14 00 93 00 17 04 00 00 15 00 25 0F B5 0F B5 0F B4 0F B3 0F B3 00 39 
00 19 19 00 00 14 00 93 00 02 04 00 00 00 01 D5 0F 8C 0F 88 0F 8A 0F 89 0F 8A 00 3B 
00 FF FF 00 00 09 00 72 20 00 43 00 00 00 00 01 2C 
00 FF FF 00 00 09 00 72 50 00 00 00 00 00 00 01 2D 
00 FF FF 00 00 09 00 72 21 00 1B 00 13 00 02 01 2E 
00 19 19 00 00 14 00 93 00 15 04 00 00 13 00 20 0F D0 0F CA 0F CE 0F CB 0F CA 00 37 
00 FF FF 00 00 09 00 72 21 00 26 00 15 00 01 01 2F 
00 19 19 00 00 14 00 93 00 17 04 00 00 15 00 26 0F B4 0F B7 0F B8 0F B6 0F B6 00 39 
00 19 19 00 00 14 00 93 00 02 04 00 00 00 01 DC 0F 8C 0F 8C 0F 8A 0F 8D 0F 8B 00 3B 
00 FF FF 00 00 09 00 72 20 00 44 00 00 00 00 01 30 
00 FF FF 00 00 09 00 72 50 00 00 00 00 00 00 01 31 
00 FF FF 00 00 09 00 72 21 00 1C 00 13 00 02 01 32 
00 19 19 00 00 14 00 93 00 15 04 00 00 13 00 21 0F CA 0F CE 0F CF 0F CB 0F D0 00 37 
00 FF FF 00 00 09 00 72 21 00 27 00 15 00 01 01 33 
00 19 19 00 00 14 00 93 00 17 04 00 00 15 00 27 0F B3 0F B3 0F B3 0F B5 0F B3 00 39 
00 19 19 00 00 14 00 93 00 02 04 00 00 00 01 E3 0F 8A 0F 8A 0F 8A 0F 85 0F 8A 00 3B 
00 FF FF 00 00 09 00 72 20 00 45 00 00 00 00 01 34 
00 FF FF 00 00 09 00 72 50 00 00 00 00 00 00 01 35 
00 FF FF 00 00 09 00 72 21 00 1D 00 13 00 02 01 36 
00 19 19 00 00 14 00 93 00 15 04 00 00 13 00 22 0F C8 0F CB 0F CA 0F CC 0F CC 00 37 
00 FF FF 00 00 09 00 72 21 00 28 00 15 00 01 01 37 
00 19 19 00 00 14 00 93 00 17 04 00 00 15 00 28 0F B7 0F B5 0F B5 0F B4 0F B4 00 39 
00 19 19 00 00 14 00 93 00 02 04 00 00 00 01 EA 0F 8A 0F 8C 0F 8B 0F 87 0F 87 00 3B 
00 FF FF 00 00 09 00 72 20 00 46 00 00 00 00 01 38 
00 FF FF 00 00 09 00 72 50 00 00 00 00 00 00 01 39 
00 FF FF 00 00 09 00 72 21 00 1E 00 13 00 02 01 3A 
00 19 19 00 00 14 00 93 00 15 04 00 00 13 00 23 0F CA 0F CC 0F CE 0F CF 0F CB 00 37 
00 FF FF 00 00 09 00 72 21 00 29 00 15 00 01 01 3B 
00 19 19 00 00 14 00 93 00 17 04 00 00 15 00 29 0F B1 0F B5 0F B4 0F B5 0F B6 00 39 
00 19 19 00 00 14 00 93 00 02 04 00 00 00 01 F1 0F 87 0F 89 0F 85 0F 8A 0F 87 00 3B 
00 FF FF 00 00 09 00 72 20 00 47 00 00 00 00 01 3C 
00 FF FF 00 00 09 00 72 50 00 00 00 00 00 00 01 3D 
00 FF FF 00 00 09 00 72 21 00 1F 00 13 00 02 01 3E 
00 19 19 00 00 14 00 93 00 15 04 00 00 13 00 24 0F CF 0F CE 0F CC 0F CE 0F CC 00 37 
00 FF FF 00 00 09 00 72 21 00 2A 00 15 00 01 01 3F 
00 19 19 00 00 14 00 93 00 17 04 00 00 15 00 2A 0F B5 0F B6 0F B7 0F B6 0F B3 00 39 
00 19 19 00 00 14 00 93 00 02 04 00 00 00 01 F8 0F 89 0F 8A 0F 8C 0F 8C 0F 8C 00 3B 
00 FF FF 00 00 09 00 72 20 00 48 00 00 00 00 01 40 
00 FF FF 00 00 09 00 72 50 00 00 00 00 00 00 01 41 
00 FF FF 00 00 09 00 72 21 00 20 00 13 00 02 01 42 
00 19 19 00 00 14 00 93 00 15 04 00 00 13 00 25 0F CB 0F CE 0F D0 0F CB 0F CF 00 37 
00 FF FF 00 00 09 00 72 21 00 2B 00 15 00 01 01 43 
00 19 19 00 00 14 00 93 00 17 04 00 00 15 00 2B 0F B9 0F B1 0F B3 0F CE 0F B4 00 39 
00 19 19 00 00 14 00 93 00 02 04 00 00 00 01 FF 0F 8A 0F 87 0F 89 0F 88 0F 89 00 3B 
00 FF FF 00 00 09 00 72 20 00 49 00 00 00 00 01 44 
00 FF FF 00 00 09 00 72 50 00 00 00 00 00 00 01 45 
00 FF FF 00 00 09 00 72 21 00 21 00 13 00 02 01 46 
00 19 19 00 00 14 00 93 00 15 04 00 00 13 00 26 0F CB 0F CA 0F CB 0F C9 0F C8 00 37 
00 FF FF 00 00 09 00 72 21 00 2C 00 15 00 01 01 47 
00 19 19 00 00 14 00 93 00 17 04 00 00 15 00 2C 0F B4 0F B4 0F B6 0F B6 0F B5 00 39 
00 19 19 00 00 14 00 93 00 02 04 00 00 00 02 06 0F 8A 0F 89 0F 8A 0F 8A 0F 89 00 3B 
00 FF FF 00 00 09 00 72 20 00 4A 00 00 00 00 01 48 
00 FF FF 00 00 09 00 72 50 00 00 00 00 00 00 01 49 
00 FF FF 00 00 09 00 72 21 00 22 00 13 00 02 01 4A 
00 19 19 00 00 14 00 93 00 15 04 00 00 13 00 27 0F C8 0F CC 0F CC 0F CE 0F CB 00 37 
00 FF FF 00 00 09 00 72 21 00 2D 00 15 00 01 01 4B 
00 19 19 00 00 14 00 93 00 17 04 00 00 15 00 2D 0F B2 0F B4 0F B2 0F B3 0F B1 00 39 
00 19 19 00 00 14 00 93 00 02 04 00 00 00 02 0D 0F 89 0F 87 0F 89 0F 88 0F 87 00 3B 
00 FF FF 00 00 09 00 72 20 00 4B 00 00 00 00 01 4C 
00 FF FF 00 00 09 00 72 50 00 00 00 00 00 00 01 4D 
00 FF FF 00 00 09 00 72 21 00 23 00 13 00 02 01 4E 
00 19 19 00 00 14 00 93 00 15 04 00 00 13 00 28 0F CE 0F CC 0F CB 0F CA 0F CA 00 37 
00 FF FF 00 00 09 00 72 21 00 2E 00 15 00 01 01 4F 
00 19 19 00 00 14 00 93 00 17 04 00 00 15 00 2E 0F B5 0F B4 0F B4 0F B8 0F B4 00 39 
00 19 19 00 00 14 00 93 00 02 04 00 00 00 02 14 0F 8B 0F 89 0F 8A 0F 8B 0F 8A 00 3B 
00 FF FF 00 00 09 00 72 20 00 4C 00 00 00 00 01 50 
00 FF FF 00 00 09 00 72 50 00 00 00 00 00 00 01 51 
00 FF FF 00 00 09 00 72 21 00 24 00 13 00 02 01 52 
00 19 19 00 00 14 00 93 00 15 04 00 00 13 00 29 0F C8 0F CE 0F CF 0F CF 0F CC 00 37 
00 FF FF 00 00 09 00 72 21 00 2F 00 15 00 01 01 53 
00 19 19 00 00 14 00 93 00 17 04 00 00 15 00 2F 0F B2 0F B2 0F B4 0F B4 0F B2 00 39 
00 19 19 00 00 14 00 93 00 02 04 00 00 00 02 1B 0F 85 0F 87 0F 86 0F 88 0F 85 00 3B 
00 FF FF 00 00 09 00 72 20 00 4D 00 00 00 00 01 54 
00 FF FF 00 00 09 00 72 50 00 00 00 00 00 00 01 55 
00 FF FF 00 00 09 00 72 21 00 25 00 13 00 02 01 56 
00 19 19 00 00 14 00 93 00 15 04 00 00 13 00 2A 0F C9 0F CC 0F C9 0F CC 0F C9 00 37 
00 FF FF 00 00 09 00 72 21 00 30 00 15 00 01 01 57 
00 19 19 00 00 14 00 93 00 17 04 00 00 15 00 30 0F B4 0F B4 0F B2 0F B2 0F B5 00 39 
00 19 19 00 00 14 00 93 00 02 04 00 00 00 02 22 0F 8C 0F 8A 0F 8A 0F 89 0F 89 00 3B 
00 FF FF 00 00 09 00 72 20 00 4E 00 00 00 00 01 58 
00 FF FF 00 00 09 00 72 50 00 00 00 00 00 00 01 59 
00 FF FF 00 00 09 00 72 21 00 26 00 13 00 02 01 5A 
00 19 19 00 00 14 00 93 00 15 04 00 00 13 00 2B 0F CD 0F CC 0F CD 0F CF 0F D1 00 37 
00 FF FF 00 00 09 00 72 21 00 31 00 15 00 01 01 5B 
00 19 19 00 00 14 00 93 00 17 04 00 00 15 00 31 0F AF 0F B1 0F B0 0F D1 0F B1 00 39 
00 19 19 00 00 14 00 93 00 02 04 00 00 00 02 29 0F 86 0F 88 0F 87 0F 89 0F 86 00 3B 
00 FF FF 00 00 09 00 72 20 00 4F 00 00 00 00 01 5C 
00 FF FF 00 00 09 00 72 50 00 00 00 00 00 00 01 5D 
00 FF FF 00 00 09 00 72 21 00 27 00 13 00 02 01 5E 
00 19 19 00 00 14 00 93 00 15 04 00 00 13 00 2C 0F CA 0F C9 0F CB 0F CB 0F C9 00 37 
00 FF FF 00 00 09 00 72 21 00 32 00 15 00 01 01 5F 
00 19 19 00 00 14 00 93 00 17 04 00 00 15 00 32 0F B1 0F AF 0F B3 0F AF 0F B3 00 39 
00 19 19 00 00 14 00 93 00 02 04 00 00 00 02 30 0F 8A 0F 89 0F 89 0F 87 0F 88 00 3B 
00 FF FF 00 00 09 00 72 20 00 50 00 00 00 00 01 60 
00 FF FF 00 00 09 00 72 50 00 00 00 00 00 00 01 61 
00 FF FF 00 00 09 00 72 21 00 28 00 13 00 02 01 62 
00 19 19 00 00 14 00 93 00 15 04 00 00 13 00 2D 0F CB 0F CC 0F CB 0F CC 0F CB 00 37 
00 FF FF 00 00 09 00 72 21 00 33 00 15 00 01 01 63 
00 19 19 00 00 14 00 93 00 17 04 00 00 15 00 33 0F B8 0F AF 0F AD 0F B4 0F B4 00 39 
00 19 19 00 00 14 00 93 00 02 04 00 00 00 02 37 0F 85 0F 88 0F 88 0F 85 0F 88 00 3B 
00 FF FF 00 00 09 00 72 20 00 51 00 00 00 00 01 64 
00 FF FF 00 00 09 00 72 50 00 00 00 00 00 00 01 65 
00 FF FF 00 00 09 00 72 21 00 29 00 13 00 02 01 66 
00 19 19 00 00 14 00 93 00 15 04 00 00 13 00 2E 0F CA 0F CB 0F CA 0F CA 0F C9 00 37 
00 FF FF 00 00 09 00 72 21 00 34 00 15 00 01 01 67 
00 19 19 00 00 14 00 93 00 17 04 00 00 15 00 34 0F B2 0F B3 0F B1 0F B3 0F B4 00 39 
00 19 19 00 00 14 00 93 00 02 04 00 00 00 02 3E 0F 8B 0F 8C 0F 89 0F 86 0F 8B 00 3B 
00 FF FF 00 00 09 00 72 20 00 52 00 00 00 00 01 68 
00 FF FF 00 00 09 00 72 50 00 00 00 00 00 00 01 69 
00 FF FF 00 00 09 00 72 21 00 2A 00 13 00 02 01 6A 
00 19 19 00 00 14 00 93 00 15 04 00 00 13 00 2F 0F CB 0F CC 0F C8 0F C9 0F CF 00 37 
00 FF FF 00 00 09 00 72 21 00 35 00 15 00 01 01 6B 
00 19 19 00 00 14 00 93 00 17 04 00 00 15 00 35 0F B1 0F B0 0F B1 0F AF 0F AE 00 39 
00 19 19 00 00 14 00 93 00 02 04 00 00 00 02 45 0F 88 0F 88 0F 8A 0F 87 0F 88 00 3B 
00 FF FF 00 00 09 00 72 20 00 53 00 00 00 00 01 6C 
00 FF FF 00 00 09 00 72 50 00 00 00 00 00 00 01 6D 
00 FF FF 00 00 09 00 72 21 00 2B 00 13 00 02 01 6E 
00 19 19 00 00 14 00 93 00 15 04 00 00 13 00 30 0F CD 0F CC 0F CB 0F CB 0F CD 00 37 
00 FF FF 00 00 09 00 72 21 00 36 00 15 00 01 01 6F 
00 19 19 00 00 14 00 93 00 17 04 00 00 15 00 36 0F B1 0F B1 0F B0 0F B2 0F AF 00 39 
00 19 19 00 00 14 00 93 00 02 04 00 00 00 02 4C 0F 90 0F 89 0F 88 0F 8A 0F 87 00 3B 
00 FF FF 00 00 09 00 72 20 00 54 00 00 00 00 01 70 
00 FF FF 00 00 09 00 72 50 00 00 00 00 00 00 01 71 
00 FF FF 00 00 09 00 72 21 00 2C 00 13 00 02 01 72 
00 19 19 00 00 14 00 93 00 15 04 00 00 13 00 31 0F CC 0F D1 0F CD 0F CF 0F CD 00 37 
00 FF FF 00 00 09 00 72 21 00 37 00 15 00 01 01 73 
00 19 19 00 00 14 00 93 00 17 04 00 00 15 00 37 0F B1 0F B1 0F AE 0F B1 0F B0 00 39 
00 19 19 00 00 14 00 93 00 02 04 00 00 00 02 53 0F 8A 0F 86 0F 88 0F 8A 0F 87 00 3B 
00 FF FF 00 00 09 00 72 20 00 55 00 00 00 00 01 74 
00 FF FF 00 00 09 00 72 50 00 00 00 00 00 00 01 75 
00 FF FF 00 00 09 00 72 21 00 2D 00 13 00 02 01 76 
00 19 19 00 00 14 00 93 00 15 04 00 00 13 00 32 0F CA 0F CC 0F CA 0F CE 0F CB 00 37 
00 FF FF 00 00 09 00 72 21 00 38 00 15 00 01 01 77 
00 19 19 00 00 14 00 93 00 17 04 00 00 15 00 38 0F B1 0F B3 0F B3 0F B3 0F B4 00 39 
00 19 19 00 00 14 00 93 00 02 04 00 00 00 02 5A 0F 89 0F 87 0F 8B 0F 89 0F 8B 00 3B 
00 FF FF 00 00 09 00 72 20 00 56 00 00 00 00 01 78 
00 FF FF 00 00 09 00 72 50 00 00 00 00 00 00 01 79 
00 FF FF 00 00 09 00 72 21 00 2E 00 13 00 02 01 7A 
00 19 19 00 00 14 00 93 00 15 04 00 00 13 00 33 0F CC 0F CB 0F CF 0F CC 0F CC 00 37 
00 FF FF 00 00 09 00 72 21 00 39 00 15 00 01 01 7B 
00 19 19 00 00 14 00 93 00 17 04 00 00 15 00 39 0F AF 0F B8 0F B2 0F AE 0F AF 00 39 
00 19 19 00 00 14 00 93 00 02 04 00 00 00 02 61 0F 88 0F 83 0F 8C 0F 88 0F 87 00 3B 
00 FF FF 00 00 09 00 72 20 00 57 00 00 00 00 01 7C 
00 FF FF 00 00 09 00 72 50 00 00 00 00 00 00 01 7D 
00 FF FF 00 00 09 00 72 21 00 2F 00 13 00 02 01 7E 
00 19 19 00 00 14 00 93 00 15 04 00 00 13 00 34 0F CA 0F CB 0F CC 0F CF 0F CB 00 37 
00 FF FF 00 00 09 00 72 21 00 3A 00 15 00 01 01 7F 
00 19 19 00 00 14 00 93 00 17 04 00 00 15 00 3A 0F B1 0F B5 0F B4 0F AC 0F B3 00 39 
00 19 19 00 00 14 00 93 00 02 04 00 00 00 02 68 0F 8B 0F 88 0F 8B 0F 89 0F 87 00 3B 
00 FF FF 00 00 09 00 72 20 00 58 00 00 00 00 01 80 
00 FF FF 00 00 09 00 72 50 00 00 00 00 00 00 01 81 
00 FF FF 00 00 09 00 72 21 00 30 00 13 00 02 01 82 
00 19 19 00 00 14 00 93 00 15 04 00 00 13 00 35 0F CA 0F CC 0F CB 0F CE 0F CB 00 37 
00 FF FF 00 00 09 00 72 21 00 3B 00 15 00 01 01 83 
00 19 19 00 00 14 00 93 00 17 04 00 00 15 00 3B 0F AF 0F B1 0F B0 0F AF 0F AF 00 39 
00 19 19 00 00 14 00 93 00 02 04 00 00 00 02 6F 0F 88 0F 86 0F 88 0F 88 0F 88 00 3B 
00 FF FF 00 00 09 00 72 20 00 59 00 00 00 00 01 84 
00 FF FF 00 00 09 00 72 50 00 00 00 00 00 00 01 85 
00 FF FF 00 00 09 00 72 21 00 31 00 13 00 02 01 86 
00 19 19 00 00 14 00 93 00 15 04 00 00 13 00 36 0F CF 0F CB 0F CB 0F CC 0F CC 00 37 
00 FF FF 00 00 09 00 72 21 00 3C 00 15 00 01 01 87 
00 19 19 00 00 14 00 93 00 17 04 00 00 15 00 3C 0F B3 0F B2 0F B3 0F B1 0F B3 00 39 
00 19 19 00 00 14 00 93 00 02 04 00 00 00 02 76 0F 8C 0F 89 0F 8C 0F 89 0F 88 00 3B 
00 FF FF 00 00 09 00 72 20 00 5A 00 00 00 00 01 88 
00 FF FF 00 00 09 00 72 50 00 00 00 00 00 00 01 89 
00 FF FF 00 00 09 00 72 21 00 32 00 13 00 02 01 8A 
00 19 19 00 00 14 00 93 00 15 04 00 00 13 00 37 0F C9 0F CC 0F CC 0F C9 0F CD 00 37 
00 FF FF 00 00 09 00 72 33 00 00 00 00 00 00 01 8B 
00 FF FF 00 00 09 00 72 21 00 3D 00 15 00 01 01 8C 
00 19 19 00 00 14 00 93 00 17 04 00 00 15 00 3D 0F AF 0F B0 0F AF 0F CC 0F B0 00 39 
00 19 19 00 00 14 00 93 00 02 04 00 00 00 02 7D 0F 88 0F 88 0F 88 0F 89 0F 89 00 3B 
00 FF FF 00 00 09 00 72 20 00 5B 00 00 00 00 01 8D 
00 FF FF 00 00 09 00 72 50 00 00 00 00 00 00 01 8E 
00 FF FF 00 00 09 00 72 21 00 33 00 13 00 02 01 8F 
00 19 19 00 00 14 00 93 00 15 04 00 00 13 00 38 0F D0 0F CA 0F CB 0F CB 0F CB 00 37 
00 FF FF 00 00 09 00 72 21 00 3E 00 15 00 01 01 90 
00 19 19 00 00 14 00 93 00 17 04 00 00 15 00 3E 0F B3 0F B3 0F B0 0F B4 0F B0 00 39 
00 19 19 00 00 14 00 93 00 02 04 00 00 00 02 84 0F 88 0F 8B 0F 87 0F 8A 0F 8C 00 3B 
00 FF FF 00 00 09 00 72 20 00 5C 00 00 00 00 01 91 
00 FF FF 00 00 09 00 72 50 00 00 00 00 00 00 01 92 
00 FF FF 00 00 09 00 72 21 00 34 00 13 00 02 01 93 
00 19 19 00 00 14 00 93 00 15 04 00 00 13 00 39 0F CF 0F CE 0F CC 0F CE 0F CE 00 37 
00 FF FF 00 00 09 00 72 21 00 3F 00 15 00 01 01 94 
00 19 19 00 00 14 00 93 00 17 04 00 00 15 00 3F 0F B4 0F B0 0F B0 0F AF 0F B2 00 39 
00 19 19 00 00 14 00 93 00 02 04 00 00 00 02 8B 0F 88 0F 89 0F 86 0F 8B 0F 88 00 3B 
00 FF FF 00 00 09 00 72 20 00 5D 00 00 00 00 01 95 
00 FF FF 00 00 09 00 72 50 00 00 00 00 00 00 01 96 
00 FF FF 00 00 09 00 72 21 00 35 00 13 00 02 01 97 
00 19 19 00 00 14 00 93 00 15 04 00 00 13 00 3A 0F D0 0F C9 0F C9 0F CB 0F CC 00 37 
00 FF FF 00 00 09 00 72 21 00 40 00 15 00 01 01 98 
00 19 19 00 00 14 00 93 00 17 04 00 00 15 00 40 0F B2 0F B2 0F B0 0F B4 0F B6 00 39 
00 19 19 00 00 14 00 93 00 02 04 00 00 00 02 92 0F 8C 0F 8B 0F 89 0F 8C 0F 8B 00 3B 
00 FF FF 00 00 09 00 72 20 00 5E 00 00 00 00 01 99 
00 FF FF 00 00 09 00 72 50 00 00 00 00 00 00 01 9A 
00 FF FF 00 00 09 00 72 21 00 36 00 13 00 02 01 9B 
00 19 19 00 00 14 00 93 00 15 04 00 00 13 00 3B 0F CD 0F CF 0F CF 0F CB 0F CE 00 37 
00 FF FF 00 00 09 00 72 21 00 41 00 15 00 01 01 9C 
00 19 19 00 00 14 00 93 00 17 04 00 00 15 00 41 0F AB 0F B0 0F AC 0F B0 0F B0 00 39 
00 19 19 00 00 14 00 93 00 02 04 00 00 00 02 99 0F 87 0F 88 0F 86 0F 87 0F 87 00 3B 
00 FF FF 00 00 09 00 72 20 00 5F 00 00 00 00 01 9D 
00 FF FF 00 00 09 00 72 50 00 00 00 00 00 00 01 9E 
00 FF FF 00 00 09 00 72 21 00 37 00 13 00 02 01 9F 
00 19 19 00 00 14 00 93 00 15 04 00 00 13 00 3C 0F CC 0F D0 0F C9 0F CA 0F CB 00 37 
00 FF FF 00 00 09 00 72 21 00 42 00 15 00 01 01 A0 
00 19 19 00 00 14 00 93 00 17 04 00 00 15 00 42 0F AF 0F B3 0F B5 0F CF 0F B4 00 39 
00 19 19 00 00 14 00 93 00 02 04 00 00 00 02 A0 0F 8B 0F 8C 0F 8B 0F 88 0F 8C 00 3B 
00 FF FF 00 00 09 00 72 20 00 60 00 00 00 00 01 A1 
00 FF FF 00 00 09 00 72 50 00 00 00 00 00 00 01 A2 
00 FF FF 00 00 09 00 72 21 00 38 00 13 00 02 01 A3 
00 19 19 00 00 14 00 93 00 15 04 00 00 13 00 3D 0F CC 0F CE 0F CF 0F CB 0F CE 00 37 
00 FF FF 00 00 09 00 72 21 00 43 00 15 00 01 01 A4 
00 19 19 00 00 14 00 93 00 17 04 00 00 15 00 43 0F B5 0F B1 0F AF 0F AF 0F B0 00 39 
00 19 19 00 00 14 00 93 00 02 04 00 00 00 02 A7 0F 8A 0F 8C 0F 86 0F 8A 0F 86 00 3B 
00 FF FF 00 00 09 00 72 20 00 61 00 00 00 00 01 A5 
00 FF FF 00 00 09 00 72 50 00 00 00 00 00 00 01 A6 
00 FF FF 00 00 09 00 72 21 00 39 00 13 00 02 01 A7 
00 19 19 00 00 14 00 93 00 15 04 00 00 13 00 3E 0F D1 0F CC 0F CC 0F C9 0F CB 00 37 
00 FF FF 00 00 09 00 72 21 00 44 00 15 00 01 01 A8 
00 19 19 00 00 14 00 93 00 17 04 00 00 15 00 44 0F B6 0F B4 0F B4 0F B1 0F B6 00 39 
00 19 19 00 00 14 00 93 00 02 04 00 00 00 02 AE 0F 8A 0F 8B 0F 8B 0F 8D 0F 8C 00 3B 
00 FF FF 00 00 09 00 72 20 00 62 00 00 00 00 01 A9 
00 FF FF 00 00 09 00 72 50 00 00 00 00 00 00 01 AA 
00 FF FF 00 00 09 00 72 21 00 3A 00 13 00 02 01 AB 
00 19 19 00 00 14 00 93 00 15 04 00 00 13 00 3F 0F CB 0F CD 0F CF 0F CE 0F CF 00 37 
00 FF FF 00 00 09 00 72 21 00 45 00 15 00 01 01 AC 
00 19 19 00 00 14 00 93 00 17 04 00 00 15 00 45 0F B2 0F B3 0F B1 0F B4 0F B0 00 39 
00 19 19 00 00 14 00 93 00 02 04 00 00 00 02 B5 0F 89 0F 89 0F 8A 0F 8C 0F 89 00 3B 
00 FF FF 00 00 09 00 72 20 00 63 00 00 00 00 01 AD 
00 FF FF 00 00 09 00 72 50 00 00 00 00 00 00 01 AE 
00 FF FF 00 00 09 00 72 21 00 3B 00 13 00 02 01 AF 
00 19 19 00 00 14 00 93 00 15 04 00 00 13 00 40 0F CD 0F CB 0F CC 0F CD 0F CC 00 37 
00 FF FF 00 00 09 00 72 21 00 46 00 15 00 01 01 B0 
00 19 19 00 00 14 00 93 00 17 04 00 00 15 00 46 0F B5 0F B4 0F B5 0F B8 0F B4 00 39 
00 19 19 00 00 14 00 93 00 02 04 00 00 00 02 BC 0F 8B 0F 8C 0F 90 0F 89 0F 8C 00 3B 
00 FF FF 00 00 09 00 72 20 00 64 00 00 00 00 01 B1 
00 FF FF 00 00 09 00 72 50 00 00 00 00 00 00 01 B2 
00 FF FF 00 00 09 00 72 21 00 3C 00 13 00 02 01 B3 
00 19 19 00 00 14 00 93 00 15 04 00 00 13 00 41 0F CB 0F CD 0F D1 0F CE 0F D0 00 37 
00 FF FF 00 00 09 00 72 21 00 47 00 15 00 01 01 B4 
00 19 19 00 00 14 00 93 00 17 04 00 00 15 00 47 0F B0 0F B0 0F AF 0F CF 0F AF 00 39 
00 19 19 00 00 14 00 93 00 02 04 00 00 00 02 C3 0F 87 0F 89 0F 8A 0F 89 0F 86 00 3B 
00 FF FF 00 00 09 00 72 20 00 65 00 00 00 00 01 B5 
00 FF FF 00 00 09 00 72 50 00 00 00 00 00 00 01 B6 
00 FF FF 00 00 09 00 72 21 00 3D 00 13 00 02 01 B7 
00 19 19 00 00 14 00 93 00 15 04 00 00 13 00 42 0F CB 0F CD 0F CC 0F CA 0F CC 00 37 
00 FF FF 00 00 09 00 72 21 00 48 00 15 00 01 01 B8 
00 19 19 00 00 14 00 93 00 17 04 00 00 15 00 48 0F B2 0F B3 0F B3 0F B2 0F B3 00 39 
00 19 19 00 00 14 00 93 00 02 04 00 00 00 02 CA 0F 8A 0F 87 0F 8B 0F 8B 0F 8B 00 3B 
00 FF FF 00 00 09 00 72 20 00 66 00 00 00 00 01 B9 
00 FF FF 00 00 09 00 72 50 00 00 00 00 00 00 01 BA 
00 FF FF 00 00 09 00 72 21 00 3E 00 13 00 02 01 BB 
00 19 19 00 00 14 00 93 00 15 04 00 00 13 00 43 0F CD 0F CD 0F D0 0F CE 0F CE 00 37 
00 FF FF 00 00 09 00 72 21 00 49 00 15 00 01 01 BC 
00 19 19 00 00 14 00 93 00 17 04 00 00 15 00 49 0F AF 0F B0 0F B1 0F B1 0F B0 00 39 
00 19 19 00 00 14 00 93 00 02 04 00 00 00 02 D1 0F 88 0F 89 0F 87 0F 88 0F 88 00 3B 
00 FF FF 00 00 09 00 72 20 00 67 00 00 00 00 01 BD 
00 FF FF 00 00 09 00 72 50 00 00 00 00 00 00 01 BE 
00 FF FF 00 00 09 00 72 21 00 3F 00 13 00 02 01 BF 
00 19 19 00 00 14 00 93 00 15 04 00 00 13 00 44 0F CD 0F CC 0F CD 0F CD 0F CD 00 37 
00 FF FF 00 00 09 00 72 21 00 4A 00 15 00 01 01 C0 
00 19 19 00 00 14 00 93 00 17 04 00 00 15 00 4A 0F B2 0F B2 0F B1 0F B2 0F B1 00 39 
00 19 19 00 00 14 00 93 00 02 04 00 00 00 02 D8 0F 8D 0F 89 0F 8D 0F 8C 0F 8C 00 3B 
00 FF FF 00 00 09 00 72 20 00 68 00 00 00 00 01 C1 
00 FF FF 00 00 09 00 72 50 00 00 00 00 00 00 01 C2 
00 FF FF 00 00 09 00 72 21 00 40 00 13 00 02 01 C3 
00 19 19 00 00 14 00 93 00 15 04 00 00 13 00 45 0F CB 0F CC 0F CC 0F CF 0F CE 00 37 
00 FF FF 00 00 09 00 72 21 00 4B 00 15 00 01 01 C4 
00 19 19 00 00 14 00 93 00 17 04 00 00 15 00 4B 0F B1 0F B3 0F B1 0F D0 0F B1 00 39 
00 19 19 00 00 14 00 93 00 02 04 00 00 00 02 DF 0F 88 0F 89 0F 88 0F 89 0F 89 00 3B 
00 FF FF 00 00 09 00 72 20 00 69 00 00 00 00 01 C5 
00 FF FF 00 00 09 00 72 50 00 00 00 00 00 00 01 C6 
00 FF FF 00 00 09 00 72 21 00 41 00 13 00 02 01 C7 
00 19 19 00 00 14 00 93 00 15 04 00 00 13 00 46 0F CE 0F CA 0F D0 0F CB 0F CD 00 37 
00 FF FF 00 00 09 00 72 21 00 4C 00 15 00 01 01 C8 
00 19 19 00 00 14 00 93 00 17 04 00 00 15 00 4C 0F B4 0F B2 0F B4 0F B2 0F B3 00 39 
00 19 19 00 00 14 00 93 00 02 04 00 00 00 02 E6 0F 8C 0F 89 0F 8B 0F 8C 0F 8C 00 3B 
00 FF FF 00 00 09 00 72 20 00 6A 00 00 00 00 01 C9 
00 FF FF 00 00 09 00 72 50 00 00 00 00 00 00 01 CA 
00 FF FF 00 00 09 00 72 21 00 42 00 13 00 02 01 CB 
00 19 19 00 00 14 00 93 00 15 04 00 00 13 00 47 0F CB 0F CD 0F CE 0F CB 0F CE 00 37 
00 FF FF 00 00 09 00 72 21 00 4D 00 15 00 01 01 CC 
00 19 19 00 00 14 00 93 00 17 04 00 00 15 00 4D 0F D2 0F AF 0F AD 0F B0 0F B1 00 39 
00 19 19 00 00 14 00 93 00 02 04 00 00 00 02 ED 0F 88 0F 8A 0F 8A 0F 87 0F 89 00 3B 
00 FF FF 00 00 09 00 72 20 00 6B 00 00 00 00 01 CD 
00 FF FF 00 00 09 00 72 50 00 00 00 00 00 00 01 CE 
