00 19 19 00 00 23 00 93 01 F4 08 00 01 F4 00 76 00 00 00 01 F4 00 76 00 00 00 00 00 00 00 00 00 00 FF FF 7E F6 00 4E 00 50 00 4E 
00 FF FF 00 00 09 00 72 50 00 00 00 00 00 00 01 3A 
00 FF FF 00 00 09 00 72 20 00 77 01 F4 00 00 01 3B 
00 FF FF 00 00 09 00 72 50 00 00 00 00 00 00 01 3C 
00 19 19 00 00 23 00 93 01 F4 08 00 01 F4 00 78 00 00 00 01 F4 00 78 00 00 00 00 00 00 00 00 00 00 FF FF 7C CB 00 4E 00 50 00 4E 
00 19 19 00 00 23 00 93 01 F4 08 00 01 F4 00 79 00 00 00 01 F4 00 79 00 00 00 00 00 00 00 00 00 00 FF FF 7B B5 00 4E 00 50 00 4E 
00 FF FF 00 00 09 00 72 20 00 79 01 F4 00 00 01 3F 
00 FF FF 00 00 09 00 72 50 00 00 00 00 00 00 01 40 
00 19 19 00 00 23 00 93 01 F4 08 00 01 F4 00 7A 00 00 00 01 F4 00 7A 00 00 00 00 00 00 00 00 00 00 FF FF 7A A0 00 4E 00 4E 00 4E 
00 FF FF 00 00 09 00 72 20 00 7A 01 F4 00 00 01 41 
00 FF FF 00 00 09 00 72 50 00 00 00 00 00 00 01 42 
00 19 19 00 00 23 00 93 01 F4 08 00 01 F4 00 7B 00 00 00 01 F4 00 7B 00 00 00 00 00 00 00 00 00 00 FF FF 79 8A 00 4E 00 4E 00 52 
00 FF FF 00 00 09 00 72 20 00 7B 01 F4 00 00 01 43 
00 FF FF 00 00 09 00 72 50 00 00 00 00 00 00 01 44 
00 19 19 00 00 23 00 93 01 F4 08 00 01 F4 00 7C 00 00 00 01 F4 00 7C 00 00 00 00 00 00 00 00 00 00 FF FF 78 75 00 4E 00 4E 00 52 
00 FF FF 00 00 09 00 72 20 00 7C 01 F4 00 00 01 45 
00 FF FF 00 00 09 00 72 50 00 00 00 00 00 00 01 46 
00 19 19 00 00 23 00 93 01 F4 08 00 01 F4 00 7D 00 00 00 01 F4 00 7D 00 00 00 00 00 00 00 00 00 00 FF FF 77 5F 00 4E 00 4E 00 52 
00 FF FF 00 00 09 00 72 20 00 7D 01 F4 00 00 01 47 
00 FF FF 00 00 09 00 72 50 00 00 00 00 00 00 01 48 
00 19 19 00 00 23 00 93 01 F4 08 00 01 F4 00 7E 00 00 00 01 F4 00 7E 00 00 00 00 00 00 00 00 00 00 FF FF 76 4A 00 4E 00 61 00 52 
00 FF FF 00 00 09 00 72 20 00 7E 01 F4 00 00 01 49 
00 FF FF 00 00 09 00 72 50 00 00 00 00 00 00 01 4A 
00 19 19 00 00 23 00 93 01 F4 08 00 01 F4 00 7F 00 00 00 01 F4 00 7F 00 00 00 00 00 00 00 00 00 00 FF FF 75 34 00 4E 00 61 00 4E 
00 FF FF 00 00 09 00 72 20 00 7F 01 F4 00 00 01 4B 
00 FF FF 00 00 09 00 72 50 00 00 00 00 00 00 01 4C 
00 19 19 00 00 23 00 93 01 F4 08 00 01 F4 00 80 00 00 00 01 F4 00 80 00 00 00 00 00 00 00 00 00 00 FF FF 74 1E 00 4E 00 61 00 4E 
00 FF FF 00 00 09 00 72 20 00 80 01 F4 00 00 01 4D 
00 FF FF 00 00 09 00 72 50 00 00 00 00 00 00 01 4E 
00 FF FF 00 00 09 00 72 33 01 F4 00 00 00 00 01 4F 
00 FF FF 00 00 09 00 72 33 01 F4 00 00 00 00 01 50 
00 FF FF 00 00 09 00 72 33 01 F4 00 00 00 00 01 51 
00 FF FF 00 00 09 00 72 21 00 00 00 19 00 01 01 52 
00 19 19 00 00 23 00 93 00 19 08 00 00 19 00 00 D6 00 0A 00 19 01 00 00 00 00 00 00 00 00 00 00 00 00 03 F4 71 00 00 00 00 00 00 
00 FF FF 00 00 09 00 72 33 01 F4 00 00 00 00 01 53 
00 19 19 00 00 23 00 93 01 F4 08 00 01 F4 00 81 00 00 00 01 F4 00 81 00 00 00 00 00 00 00 00 00 00 FF FF 73 09 00 51 00 61 00 4E 
00 FF FF 00 00 09 00 72 20 00 81 01 F4 00 00 01 54 
00 FF FF 00 00 09 00 72 50 00 00 00 00 00 00 01 55 
00 FF FF 00 00 09 00 72 33 01 F4 00 00 00 00 01 56 
00 FF FF 00 00 09 00 72 21 00 01 00 19 00 01 01 57 
00 19 19 00 00 23 00 93 00 19 08 00 00 19 00 04 D5 00 65 00 19 01 01 00 00 00 00 00 00 00 00 00 00 00 03 FE 55 00 53 00 52 00 5D 
00 FF FF 00 00 09 00 72 21 00 01 00 19 00 01 01 58 
00 19 19 00 00 23 00 93 00 19 08 00 00 19 00 04 D5 00 6D 00 19 01 01 00 00 00 00 00 00 00 00 00 00 00 03 FE 74 00 53 00 52 00 5D 
00 19 19 00 00 23 00 93 01 F4 08 00 01 F4 00 82 00 00 00 01 F4 00 82 00 00 00 00 00 00 00 00 00 00 FF FF 71 F3 00 51 00 4E 00 4E 
00 FF FF 00 00 09 00 72 20 00 82 01 F4 00 00 01 59 
00 FF FF 00 00 09 00 72 50 00 00 00 00 00 00 01 5A 
00 FF FF 00 00 09 00 72 21 00 02 00 19 00 01 01 5B 
00 19 19 00 00 23 00 93 00 19 08 00 00 19 00 05 D7 00 76 00 19 01 02 00 00 00 00 00 00 00 00 00 00 00 04 03 E9 00 53 00 52 00 5D 
00 FF FF 00 00 09 00 72 21 00 02 00 19 00 01 01 5C 
00 19 19 00 00 23 00 93 00 19 08 00 00 19 00 05 D7 00 6F 00 19 01 02 00 00 00 00 00 00 00 00 00 00 00 04 04 0D 00 53 00 52 00 5D 
00 19 19 00 00 23 00 93 01 F4 08 00 01 F4 00 83 00 00 00 01 F4 00 83 00 00 00 00 00 00 00 00 00 00 FF FF 70 DE 00 51 00 4E 00 4E 
00 FF FF 00 00 09 00 72 20 00 83 01 F4 00 00 01 5D 
00 FF FF 00 00 09 00 72 50 00 00 00 00 00 00 01 5E 
00 FF FF 00 00 09 00 72 21 00 03 00 19 00 01 01 5F 
00 19 19 00 00 23 00 93 00 19 08 00 00 19 00 06 D7 00 63 00 19 01 03 00 00 00 00 00 00 00 00 00 00 00 04 0B C6 00 53 00 53 00 5D 
00 FF FF 00 00 09 00 72 33 01 F4 00 00 00 00 01 60 
00 19 19 00 00 23 00 93 01 F4 08 00 01 F4 00 84 00 00 00 01 F4 00 84 00 00 00 00 00 00 00 00 00 00 FF FF 6F C8 00 51 00 4E 00 4E 
00 FF FF 00 00 09 00 72 20 00 84 01 F4 00 00 01 61 
00 FF FF 00 00 09 00 72 50 00 00 00 00 00 00 01 62 
00 FF FF 00 00 09 00 72 21 00 04 00 19 00 01 01 63 
00 19 19 00 00 23 00 93 00 19 08 00 00 19 00 07 D6 00 5F 00 19 01 04 00 00 00 00 00 00 00 00 00 00 00 04 12 EB 00 53 00 53 00 52 
00 FF FF 00 00 09 00 72 21 00 04 00 19 00 01 01 64 
00 19 19 00 00 23 00 93 00 19 08 00 00 19 00 07 D6 00 5F 00 19 01 04 00 00 00 00 00 00 00 00 00 00 00 04 13 0C 00 53 00 53 00 52 
00 19 19 00 00 23 00 93 01 F4 08 00 01 F4 00 85 00 00 00 01 F4 00 85 00 00 00 00 00 00 00 00 00 00 FF FF 6E B2 00 4E 00 4E 00 4E 
00 FF FF 00 00 09 00 72 20 00 85 01 F4 00 00 01 65 
00 FF FF 00 00 09 00 72 50 00 00 00 00 00 00 01 66 
00 FF FF 00 00 09 00 72 21 00 05 00 19 00 01 01 67 
00 19 19 00 00 23 00 93 00 19 08 00 00 19 00 08 D9 00 5F 00 19 01 05 00 00 00 00 00 00 00 00 00 00 00 04 1A C7 00 53 00 53 00 52 
00 19 19 00 00 23 00 93 01 F4 08 00 01 F4 00 86 00 00 00 01 F4 00 86 00 00 00 00 00 00 00 00 00 00 FF FF 6D 9D 00 4E 00 4F 00 4E 
00 FF FF 00 00 09 00 72 20 00 86 01 F4 00 00 01 68 
00 FF FF 00 00 09 00 72 50 00 00 00 00 00 00 01 69 
00 FF FF 00 00 09 00 72 21 00 06 00 19 00 01 01 6A 
00 19 19 00 00 23 00 93 00 19 08 00 00 19 00 09 D6 00 5F 00 19 01 06 00 00 00 00 00 00 00 00 00 00 00 04 22 8F 00 6E 00 53 00 52 
00 19 19 00 00 23 00 93 01 F4 08 00 01 F4 00 87 00 00 00 01 F4 00 87 00 00 00 00 00 00 00 00 00 00 FF FF 6C 87 00 4E 00 4F 00 4F 
00 FF FF 00 00 09 00 72 20 00 87 01 F4 00 00 01 6B 
00 FF FF 00 00 09 00 72 50 00 00 00 00 00 00 01 6C 
00 FF FF 00 00 09 00 72 21 00 07 00 19 00 01 01 6D 
00 19 19 00 00 23 00 93 00 19 08 00 00 19 00 0A D7 00 57 00 19 01 07 00 00 00 00 00 00 00 00 00 00 00 04 2A A3 00 6E 00 7F 00 52 
00 FF FF 00 00 09 00 72 33 01 F4 00 00 00 00 01 6E 
00 19 19 00 00 23 00 93 01 F4 08 00 01 F4 00 88 00 00 00 01 F4 00 88 00 00 00 00 00 00 00 00 00 00 FF FF 6B 72 00 4E 00 4F 00 4F 
00 FF FF 00 00 09 00 72 20 00 88 01 F4 00 00 01 6F 
00 FF FF 00 00 09 00 72 50 00 00 00 00 00 00 01 70 
00 FF FF 00 00 09 00 72 21 00 08 00 19 00 01 01 71 
00 19 19 00 00 23 00 93 00 19 08 00 00 19 00 0B D7 00 57 00 19 01 08 00 00 00 00 00 00 00 00 00 00 00 04 32 2B 00 6E 00 7F 00 68 
00 19 19 00 00 23 00 93 01 F4 08 00 01 F4 00 89 00 00 00 01 F4 00 89 00 00 00 00 00 00 00 00 00 00 FF FF 6A 5C 00 4E 00 4F 00 4F 
00 FF FF 00 00 09 00 72 20 00 89 01 F4 00 00 01 72 
00 FF FF 00 00 09 00 72 50 00 00 00 00 00 00 01 73 
00 FF FF 00 00 09 00 72 21 00 09 00 19 00 01 01 74 
00 19 19 00 00 23 00 93 00 19 08 00 00 19 00 0C DB 00 57 00 19 01 09 00 00 00 00 00 00 00 00 00 00 00 04 39 FE 00 6E 00 7F 00 68 
00 19 19 00 00 23 00 93 01 F4 08 00 01 F4 00 8A 00 00 00 01 F4 00 8A 00 00 00 00 00 00 00 00 00 00 FF FF 69 47 00 4E 00 50 00 4F 
00 FF FF 00 00 09 00 72 20 00 8A 01 F4 00 00 01 75 
00 FF FF 00 00 09 00 72 50 00 00 00 00 00 00 01 76 
00 FF FF 00 00 09 00 72 21 00 0A 00 19 00 01 01 77 
00 19 19 00 00 23 00 93 00 19 08 00 00 19 00 0D D6 00 57 00 19 01 0A 00 00 00 00 00 00 00 00 00 00 00 04 41 CA 00 53 00 7F 00 68 
00 19 19 00 00 23 00 93 01 F4 08 00 01 F4 00 8B 00 00 00 01 F4 00 8B 00 00 00 00 00 00 00 00 00 00 FF FF 68 31 00 4E 00 50 00 4D 
00 FF FF 00 00 09 00 72 20 00 8B 01 F4 00 00 01 78 
00 FF FF 00 00 09 00 72 50 00 00 00 00 00 00 01 79 
00 FF FF 00 00 09 00 72 21 00 0B 00 19 00 01 01 7A 
00 19 19 00 00 23 00 93 00 19 08 00 00 19 00 0E D6 00 4F 00 19 01 0B 00 00 00 00 00 00 00 00 00 00 00 04 49 A2 00 53 00 54 00 68 
00 19 19 00 00 23 00 93 01 F4 08 00 01 F4 00 8C 00 00 00 01 F4 00 8C 00 00 00 00 00 00 00 00 00 00 FF FF 67 1B 00 4E 00 50 00 4D 
00 FF FF 00 00 09 00 72 20 00 8C 01 F4 00 00 01 7B 
00 FF FF 00 00 09 00 72 50 00 00 00 00 00 00 01 7C 
00 FF FF 00 00 09 00 72 21 00 0C 00 19 00 01 01 7D 
00 19 19 00 00 23 00 93 00 19 08 00 00 19 00 0F DA 00 4F 00 19 01 0C 00 00 00 00 00 00 00 00 00 00 00 04 51 6F 00 53 00 54 00 7D 
00 19 19 00 00 23 00 93 01 F4 08 00 01 F4 00 8D 00 00 00 01 F4 00 8D 00 00 00 00 00 00 00 00 00 00 FF FF 66 06 00 52 00 50 00 4D 
00 FF FF 00 00 09 00 72 20 00 8D 01 F4 00 00 01 7E 
00 FF FF 00 00 09 00 72 50 00 00 00 00 00 00 01 7F 
00 FF FF 00 00 09 00 72 21 00 0D 00 19 00 01 01 80 
00 19 19 00 00 23 00 93 00 19 08 00 00 19 00 10 DA 00 4F 00 19 01 0D 00 00 00 00 00 00 00 00 00 00 00 04 59 39 00 53 00 54 00 7D 
00 19 19 00 00 23 00 93 01 F4 08 00 01 F4 00 8E 00 00 00 01 F4 00 8E 00 00 00 00 00 00 00 00 00 00 FF FF 64 F0 00 52 00 4E 00 4D 
00 FF FF 00 00 09 00 72 20 00 8E 01 F4 00 00 01 81 
00 FF FF 00 00 09 00 72 50 00 00 00 00 00 00 01 82 
00 FF FF 00 00 09 00 72 21 00 0E 00 19 00 01 01 83 
00 19 19 00 00 23 00 93 00 19 08 00 00 19 00 11 D9 00 4F 00 19 01 0E 00 00 00 00 00 00 00 00 00 00 00 04 61 09 00 67 00 54 00 7D 
00 19 19 00 00 23 00 93 01 F4 08 00 01 F4 00 8F 00 00 00 01 F4 00 8F 00 00 00 00 00 00 00 00 00 00 FF FF 63 DB 00 52 00 4E 00 4E 
00 FF FF 00 00 09 00 72 20 00 8F 01 F4 00 00 01 84 
00 FF FF 00 00 09 00 72 50 00 00 00 00 00 00 01 85 
00 FF FF 00 00 09 00 72 33 01 F4 00 00 00 00 01 86 
00 FF FF 00 00 09 00 72 21 00 0F 00 19 00 01 01 87 
00 19 19 00 00 23 00 93 00 19 08 00 00 19 00 12 D8 00 48 00 19 01 0F 00 00 00 00 00 00 00 00 00 00 00 04 68 DC 00 67 00 5F 00 7D 
00 FF FF 00 00 09 00 72 21 00 0F 00 19 00 01 01 88 
00 19 19 00 00 23 00 93 00 19 08 00 00 19 00 12 D9 00 42 00 19 01 0F 00 00 00 00 00 00 00 00 00 00 00 04 69 06 00 67 00 5F 00 7D 
00 FF FF 00 00 09 00 72 21 00 0F 00 19 00 01 01 89 
00 19 19 00 00 23 00 93 00 19 08 00 00 19 00 12 D9 00 42 00 19 01 0F 00 00 00 00 00 00 00 00 00 00 00 04 69 26 00 67 00 5F 00 7D 
00 19 19 00 00 23 00 93 01 F4 08 00 01 F4 00 90 00 00 00 01 F4 00 90 00 00 00 00 00 00 00 00 00 00 FF FF 62 C5 00 52 00 4E 00 4E 
00 FF FF 00 00 09 00 72 20 00 90 01 F4 00 00 01 8A 
00 FF FF 00 00 09 00 72 50 00 00 00 00 00 00 01 8B 
00 FF FF 00 00 09 00 72 21 00 10 00 19 00 01 01 8C 
00 19 19 00 00 23 00 93 00 19 08 00 00 19 00 13 D8 00 42 00 19 01 10 00 00 00 00 00 00 00 00 00 00 00 04 70 AA 00 67 00 5F 00 57 
00 19 19 00 00 23 00 93 01 F4 08 00 01 F4 00 91 00 00 00 01 F4 00 91 00 00 00 00 00 00 00 00 00 00 FF FF 61 AF 00 51 00 4E 00 4E 
00 FF FF 00 00 09 00 72 20 00 91 01 F4 00 00 01 8D 
00 FF FF 00 00 09 00 72 50 00 00 00 00 00 00 01 8E 
00 FF FF 00 00 09 00 72 21 00 11 00 19 00 01 01 8F 
00 19 19 00 00 23 00 93 00 19 08 00 00 19 00 14 D9 00 42 00 19 01 11 00 00 00 00 00 00 00 00 00 00 00 04 78 9F 00 67 00 5F 00 57 
00 19 19 00 00 23 00 93 01 F4 08 00 01 F4 00 92 00 00 00 01 F4 00 92 00 00 00 00 00 00 00 00 00 00 FF FF 60 9A 00 51 00 4E 00 4E 
00 FF FF 00 00 09 00 72 20 00 92 01 F4 00 00 01 90 
00 FF FF 00 00 09 00 72 50 00 00 00 00 00 00 01 91 
00 FF FF 00 00 09 00 72 21 00 12 00 19 00 01 01 92 
00 19 19 00 00 23 00 93 00 19 08 00 00 19 00 15 D9 00 3D 00 19 01 12 00 00 00 00 00 00 00 00 00 00 00 04 80 4F 00 67 00 5F 00 57 
00 19 19 00 00 23 00 93 01 F4 08 00 01 F4 00 93 00 00 00 01 F4 00 93 00 00 00 00 00 00 00 00 00 00 FF FF 5F 84 00 51 00 4E 00 53 
00 FF FF 00 00 09 00 72 20 00 93 01 F4 00 00 01 93 
00 FF FF 00 00 09 00 72 50 00 00 00 00 00 00 01 94 
00 FF FF 00 00 09 00 72 21 00 13 00 19 00 01 01 95 
00 19 19 00 00 23 00 93 00 19 08 00 00 19 00 16 D9 00 3D 00 19 01 13 00 00 00 00 00 00 00 00 00 00 00 04 88 1A 00 67 00 63 00 57 
00 19 19 00 00 23 00 93 01 F4 08 00 01 F4 00 94 00 00 00 01 F4 00 94 00 00 00 00 00 00 00 00 00 00 FF FF 5E 6F 00 51 00 4E 00 53 
00 FF FF 00 00 09 00 72 20 00 94 01 F4 00 00 01 96 
00 FF FF 00 00 09 00 72 50 00 00 00 00 00 00 01 97 
00 FF FF 00 00 09 00 72 21 00 14 00 19 00 01 01 98 
00 19 19 00 00 23 00 93 00 19 08 00 00 19 00 17 D7 00 3D 00 19 01 14 00 00 00 00 00 00 00 00 00 00 00 04 8F FC 00 67 00 63 00 57 
00 19 19 00 00 23 00 93 01 F4 08 00 01 F4 00 95 00 00 00 01 F4 00 95 00 00 00 00 00 00 00 00 00 00 FF FF 5D 59 00 4D 00 4E 00 53 
00 FF FF 00 00 09 00 72 20 00 95 01 F4 00 00 01 99 
00 FF FF 00 00 09 00 72 50 00 00 00 00 00 00 01 9A 
00 FF FF 00 00 09 00 72 21 00 15 00 19 00 01 01 9B 
00 19 19 00 00 23 00 93 00 19 08 00 00 19 00 18 D9 00 3D 00 19 01 15 00 00 00 00 00 00 00 00 00 00 00 04 97 BE 00 67 00 63 00 57 
00 19 19 00 00 23 00 93 01 F4 08 00 01 F4 00 96 00 00 00 01 F4 00 96 00 00 00 00 00 00 00 00 00 00 FF FF 5C 44 00 4D 00 4D 00 53 
00 FF FF 00 00 09 00 72 20 00 96 01 F4 00 00 01 9C 
00 FF FF 00 00 09 00 72 50 00 00 00 00 00 00 01 9D 
00 FF FF 00 00 09 00 72 21 00 16 00 19 00 01 01 9E 
00 19 19 00 00 23 00 93 00 19 08 00 00 19 00 19 D6 00 61 00 19 01 16 00 00 00 00 00 00 00 00 00 00 00 04 A1 B5 00 5C 00 63 00 57 
00 19 19 00 00 23 00 93 01 F4 08 00 01 F4 00 97 00 00 00 01 F4 00 97 00 00 00 00 00 00 00 00 00 00 FF FF 5B 2E 00 4D 00 4D 00 4E 
00 FF FF 00 00 09 00 72 20 00 97 01 F4 00 00 01 9F 
00 FF FF 00 00 09 00 72 50 00 00 00 00 00 00 01 A0 
00 FF FF 00 00 09 00 72 21 00 17 00 19 00 01 01 A1 
00 19 19 00 00 23 00 93 00 19 08 00 00 19 00 1A D5 00 62 00 19 01 17 00 00 00 00 00 00 00 00 00 00 00 04 A8 09 00 5C 00 66 00 57 
00 19 19 00 00 23 00 93 01 F4 08 00 01 F4 00 98 00 00 00 01 F4 00 98 00 00 00 00 00 00 00 00 00 00 FF FF 5A 18 00 4D 00 4D 00 4E 
00 FF FF 00 00 09 00 72 20 00 98 01 F4 00 00 01 A2 
00 FF FF 00 00 09 00 72 50 00 00 00 00 00 00 01 A3 
00 FF FF 00 00 09 00 72 21 00 18 00 19 00 01 01 A4 
00 19 19 00 00 23 00 93 00 19 08 00 00 19 00 1B D7 00 56 00 19 01 18 00 00 00 00 00 00 00 00 00 00 00 04 B0 C9 00 5C 00 66 00 73 
00 19 19 00 00 23 00 93 01 F4 08 00 01 F4 00 99 00 00 00 01 F4 00 99 00 00 00 00 00 00 00 00 00 00 FF FF 59 03 00 55 00 4D 00 4E 
00 FF FF 00 00 09 00 72 20 00 99 01 F4 00 00 01 A5 
00 FF FF 00 00 09 00 72 50 00 00 00 00 00 00 01 A6 
00 FF FF 00 00 09 00 72 21 00 19 00 19 00 01 01 A7 
00 19 19 00 00 23 00 93 00 19 08 00 00 19 00 1C D7 00 59 00 19 01 19 00 00 00 00 00 00 00 00 00 00 00 04 B6 F7 00 5C 00 66 00 73 
00 19 19 00 00 23 00 93 01 F4 08 00 01 F4 00 9A 00 00 00 01 F4 00 9A 00 00 00 00 00 00 00 00 00 00 FF FF 57 ED 00 55 00 4E 00 4E 
00 FF FF 00 00 09 00 72 20 00 9A 01 F4 00 00 01 A8 
00 FF FF 00 00 09 00 72 50 00 00 00 00 00 00 01 A9 
00 FF FF 00 00 09 00 72 21 00 1A 00 19 00 01 01 AA 
00 19 19 00 00 23 00 93 00 19 08 00 00 19 00 1D D8 00 59 00 19 01 1A 00 00 00 00 00 00 00 00 00 00 00 04 BE D0 00 5E 00 66 00 73 
00 19 19 00 00 23 00 93 01 F4 08 00 01 F4 00 9B 00 00 00 01 F4 00 9B 00 00 00 00 00 00 00 00 00 00 FF FF 56 D8 00 55 00 4E 00 4E 
00 FF FF 00 00 09 00 72 20 00 9B 01 F4 00 00 01 AB 
00 FF FF 00 00 09 00 72 50 00 00 00 00 00 00 01 AC 
00 FF FF 00 00 09 00 72 21 00 1B 00 19 00 01 01 AD 
00 19 19 00 00 23 00 93 00 19 08 00 00 19 00 1E D9 00 59 00 19 01 1B 00 00 00 00 00 00 00 00 00 00 00 04 C6 9A 00 5E 00 54 00 73 
00 19 19 00 00 23 00 93 01 F4 08 00 01 F4 00 9C 00 00 00 01 F4 00 9C 00 00 00 00 00 00 00 00 00 00 FF FF 55 C2 00 55 00 4E 00 4E 
00 FF FF 00 00 09 00 72 20 00 9C 01 F4 00 00 01 AE 
00 FF FF 00 00 09 00 72 50 00 00 00 00 00 00 01 AF 
00 FF FF 00 00 09 00 72 21 00 1C 00 19 00 01 01 B0 
00 19 19 00 00 23 00 93 00 19 08 00 00 19 00 1F D9 00 59 00 19 01 1C 00 00 00 00 00 00 00 00 00 00 00 04 CE 89 00 5E 00 54 00 6E 
00 19 19 00 00 23 00 93 01 F4 08 00 01 F4 00 9D 00 00 00 01 F4 00 9D 00 00 00 00 00 00 00 00 00 00 FF FF 54 AD 00 4E 00 4E 00 4E 
00 FF FF 00 00 09 00 72 20 00 9D 01 F4 00 00 01 B1 
00 FF FF 00 00 09 00 72 50 00 00 00 00 00 00 01 B2 
00 FF FF 00 00 09 00 72 21 00 1D 00 19 00 01 01 B3 
00 19 19 00 00 23 00 93 00 19 08 00 00 19 00 20 D9 00 51 00 19 01 1D 00 00 00 00 00 00 00 00 00 00 00 04 D6 48 00 5E 00 54 00 6E 
00 19 19 00 00 23 00 93 01 F4 08 00 01 F4 00 9E 00 00 00 01 F4 00 9E 00 00 00 00 00 00 00 00 00 00 FF FF 53 97 00 4E 00 52 00 4E 
00 FF FF 00 00 09 00 72 20 00 9E 01 F4 00 00 01 B4 
00 FF FF 00 00 09 00 72 50 00 00 00 00 00 00 01 B5 
00 FF FF 00 00 09 00 72 21 00 1E 00 19 00 01 01 B6 
00 19 19 00 00 23 00 93 00 19 08 00 00 19 00 21 D9 00 51 00 19 01 1E 00 00 00 00 00 00 00 00 00 00 00 04 DE 16 00 53 00 54 00 6E 
00 19 19 00 00 23 00 93 01 F4 08 00 01 F4 00 9F 00 00 00 01 F4 00 9F 00 00 00 00 00 00 00 00 00 00 FF FF 52 81 00 4E 00 52 00 65 
00 FF FF 00 00 09 00 72 20 00 9F 01 F4 00 00 01 B7 
00 FF FF 00 00 09 00 72 50 00 00 00 00 00 00 01 B8 
00 FF FF 00 00 09 00 72 21 00 1F 00 19 00 01 01 B9 
00 19 19 00 00 23 00 93 00 19 08 00 00 19 00 22 D9 00 51 00 19 01 1F 00 00 00 00 00 00 00 00 00 00 00 04 E5 D7 00 53 00 7B 00 6E 
00 FF FF 00 00 09 00 72 33 01 F4 00 00 00 00 01 BA 
00 19 19 00 00 23 00 93 01 F4 08 00 01 F4 00 A0 00 00 00 01 F4 00 A0 00 00 00 00 00 00 00 00 00 00 FF FF 51 6C 00 4E 00 52 00 65 
00 FF FF 00 00 09 00 72 20 00 A0 01 F4 00 00 01 BB 
00 FF FF 00 00 09 00 72 50 00 00 00 00 00 00 01 BC 
00 FF FF 00 00 09 00 72 21 00 20 00 19 00 01 01 BD 
00 19 19 00 00 23 00 93 00 19 08 00 00 19 00 23 D9 00 51 00 19 01 20 00 00 00 00 00 00 00 00 00 00 00 04 ED A7 00 53 00 7B 00 59 
00 19 19 00 00 23 00 93 01 F4 08 00 01 F4 00 A1 00 00 00 01 F4 00 A1 00 00 00 00 00 00 00 00 00 00 FF FF 50 56 00 4E 00 52 00 65 
00 FF FF 00 00 09 00 72 20 00 A1 01 F4 00 00 01 BE 
00 FF FF 00 00 09 00 72 50 00 00 00 00 00 00 01 BF 
00 FF FF 00 00 09 00 72 21 00 21 00 19 00 01 01 C0 
00 19 19 00 00 23 00 93 00 19 08 00 00 19 00 24 D9 00 51 00 19 01 21 00 00 00 00 00 00 00 00 00 00 00 04 F5 80 00 53 00 7B 00 59 
00 19 19 00 00 23 00 93 01 F4 08 00 01 F4 00 A2 00 00 00 01 F4 00 A2 00 00 00 00 00 00 00 00 00 00 FF FF 4F 41 00 4E 00 4E 00 65 
00 FF FF 00 00 09 00 72 20 00 A2 01 F4 00 00 01 C1 
00 FF FF 00 00 09 00 72 50 00 00 00 00 00 00 01 C2 
00 FF FF 00 00 09 00 72 21 00 22 00 19 00 01 01 C3 
00 19 19 00 00 23 00 93 00 19 08 00 00 19 00 25 D9 00 49 00 19 01 22 00 00 00 00 00 00 00 00 00 00 00 04 FD 4B 00 5A 00 7B 00 59 
00 19 19 00 00 23 00 93 01 F4 08 00 01 F4 00 A3 00 00 00 01 F4 00 A3 00 00 00 00 00 00 00 00 00 00 FF FF 4E 2B 00 4E 00 4E 00 4E 
00 FF FF 00 00 09 00 72 20 00 A3 01 F4 00 00 01 C4 
00 FF FF 00 00 09 00 72 50 00 00 00 00 00 00 01 C5 
00 FF FF 00 00 09 00 72 21 00 23 00 19 00 01 01 C6 
00 19 19 00 00 23 00 93 00 19 08 00 00 19 00 26 D9 00 49 00 19 01 23 00 00 00 00 00 00 00 00 00 00 00 05 05 1F 00 5A 00 56 00 59 
00 19 19 00 00 23 00 93 01 F4 08 00 01 F4 00 A4 00 00 00 01 F4 00 A4 00 00 00 00 00 00 00 00 00 00 FF FF 4D 15 00 4E 00 4E 00 4E 
00 FF FF 00 00 09 00 72 20 00 A4 01 F4 00 00 01 C7 
00 FF FF 00 00 09 00 72 50 00 00 00 00 00 00 01 C8 
00 FF FF 00 00 09 00 72 21 00 24 00 19 00 01 01 C9 
00 19 19 00 00 23 00 93 00 19 08 00 00 19 00 27 D9 00 49 00 19 01 24 00 00 00 00 00 00 00 00 00 00 00 05 0D 00 00 5A 00 56 00 53 
00 19 19 00 00 23 00 93 01 F4 08 00 01 F4 00 A5 00 00 00 01 F4 00 A5 00 00 00 00 00 00 00 00 00 00 FF FF 4C 00 00 4E 00 4E 00 4E 
00 FF FF 00 00 09 00 72 20 00 A5 01 F4 00 00 01 CA 
00 FF FF 00 00 09 00 72 50 00 00 00 00 00 00 01 CB 
00 FF FF 00 00 09 00 72 21 00 25 00 19 00 01 01 CC 
00 19 19 00 00 23 00 93 00 19 08 00 00 19 00 28 DA 00 43 00 19 01 25 00 00 00 00 00 00 00 00 00 00 00 05 15 00 00 5A 00 56 00 53 
00 19 19 00 00 23 00 93 01 F4 08 00 01 F4 00 A6 00 00 00 01 F4 00 A6 00 00 00 00 00 00 00 00 00 00 FF FF 4A EA 00 4E 00 53 00 4E 
00 FF FF 00 00 09 00 72 20 00 A6 01 F4 00 00 01 CD 
00 FF FF 00 00 09 00 72 50 00 00 00 00 00 00 01 CE 
00 FF FF 00 00 09 00 72 21 00 26 00 19 00 01 01 CF 
00 19 19 00 00 23 00 93 00 19 08 00 00 19 00 29 D9 00 43 00 19 01 26 00 00 00 00 00 00 00 00 00 00 00 05 1C AA 00 5F 00 56 00 53 
00 19 19 00 00 23 00 93 01 F4 08 00 01 F4 00 A7 00 00 00 01 F4 00 A7 00 00 00 00 00 00 00 00 00 00 FF FF 49 D5 00 4E 00 53 00 54 
00 FF FF 00 00 09 00 72 20 00 A7 01 F4 00 00 01 D0 
00 FF FF 00 00 09 00 72 50 00 00 00 00 00 00 01 D1 
00 FF FF 00 00 09 00 72 21 00 27 00 19 00 01 01 D2 
00 19 19 00 00 23 00 93 00 19 08 00 00 19 00 2A DA 00 43 00 19 01 27 00 00 00 00 00 00 00 00 00 00 00 05 24 55 00 5F 00 61 00 53 
00 19 19 00 00 23 00 93 01 F4 08 00 01 F4 00 A8 00 00 00 01 F4 00 A8 00 00 00 00 00 00 00 00 00 00 FF FF 48 BF 00 4E 00 53 00 54 
00 FF FF 00 00 09 00 72 20 00 A8 01 F4 00 00 01 D3 
00 FF FF 00 00 09 00 72 50 00 00 00 00 00 00 01 D4 
00 FF FF 00 00 09 00 72 21 00 28 00 19 00 01 01 D5 
00 19 19 00 00 23 00 93 00 19 08 00 00 19 00 2B DA 00 3D 00 19 01 28 00 00 00 00 00 00 00 00 00 00 00 05 2C 43 00 5F 00 61 00 7A 
00 19 19 00 00 23 00 93 01 F4 08 00 01 F4 00 A9 00 00 00 01 F4 00 A9 00 00 00 00 00 00 00 00 00 00 FF FF 47 AA 00 64 00 53 00 54 
00 FF FF 00 00 09 00 72 20 00 A9 01 F4 00 00 01 D6 
00 FF FF 00 00 09 00 72 50 00 00 00 00 00 00 01 D7 
00 FF FF 00 00 09 00 72 21 00 29 00 19 00 01 01 D8 
00 19 19 00 00 23 00 93 00 19 08 00 00 19 00 2C D9 00 3D 00 19 01 29 00 00 00 00 00 00 00 00 00 00 00 05 34 00 00 5F 00 61 00 7A 
00 19 19 00 00 23 00 93 01 F4 08 00 01 F4 00 AA 00 00 00 01 F4 00 AA 00 00 00 00 00 00 00 00 00 00 FF FF 46 94 00 64 00 4D 00 54 
00 FF FF 00 00 09 00 72 20 00 AA 01 F4 00 00 01 D9 
00 FF FF 00 00 09 00 72 50 00 00 00 00 00 00 01 DA 
00 FF FF 00 00 09 00 72 21 00 2A 00 19 00 01 01 DB 
00 19 19 00 00 23 00 93 00 19 08 00 00 19 00 2D D9 00 3D 00 19 01 2A 00 00 00 00 00 00 00 00 00 00 00 05 3B CC 00 53 00 61 00 7A 
00 19 19 00 00 23 00 93 01 F4 08 00 01 F4 00 AB 00 00 00 01 F4 00 AB 00 00 00 00 00 00 00 00 00 00 FF FF 45 7E 00 64 00 4D 00 4D 
00 FF FF 00 00 09 00 72 20 00 AB 01 F4 00 00 01 DC 
00 FF FF 00 00 09 00 72 50 00 00 00 00 00 00 01 DD 
00 FF FF 00 00 09 00 72 21 00 2B 00 19 00 01 01 DE 
00 19 19 00 00 23 00 93 00 19 08 00 00 19 00 2E D9 00 3D 00 19 01 2B 00 00 00 00 00 00 00 00 00 00 00 05 43 9C 00 53 00 53 00 7A 
00 19 19 00 00 23 00 93 01 F4 08 00 01 F4 00 AC 00 00 00 01 F4 00 AC 00 00 00 00 00 00 00 00 00 00 FF FF 44 69 00 64 00 4D 00 4D 
00 FF FF 00 00 09 00 72 20 00 AC 01 F4 00 00 01 DF 
00 FF FF 00 00 09 00 72 50 00 00 00 00 00 00 01 E0 
00 FF FF 00 00 09 00 72 21 00 2C 00 19 00 01 01 E1 
00 19 19 00 00 23 00 93 00 19 08 00 00 19 00 2F D9 00 3D 00 19 01 2C 00 00 00 00 00 00 00 00 00 00 00 05 4B 64 00 53 00 53 00 53 
00 19 19 00 00 23 00 93 01 F4 08 00 01 F4 00 AD 00 00 00 01 F4 00 AD 00 00 00 00 00 00 00 00 00 00 FF FF 43 53 00 4E 00 4D 00 4D 
00 FF FF 00 00 09 00 72 20 00 AD 01 F4 00 00 01 E2 
00 FF FF 00 00 09 00 72 50 00 00 00 00 00 00 01 E3 
00 FF FF 00 00 09 00 72 21 00 2D 00 19 00 01 01 E4 
00 19 19 00 00 23 00 93 00 19 08 00 00 19 00 30 D9 00 37 00 19 01 2D 00 00 00 00 00 00 00 00 00 00 00 05 53 78 00 53 00 53 00 53 
00 FF FF 00 00 09 00 72 21 00 2D 00 19 00 01 01 E5 
00 19 19 00 00 23 00 93 00 19 08 00 00 19 00 30 D8 00 37 00 19 01 2D 00 00 00 00 00 00 00 00 00 00 00 05 53 99 00 53 00 53 00 53 
00 FF FF 00 00 09 00 72 21 00 2D 00 19 00 01 01 E6 
00 19 19 00 00 23 00 93 00 19 08 00 00 19 00 30 D9 00 37 00 19 01 2D 00 00 00 00 00 00 00 00 00 00 00 05 53 B8 00 53 00 53 00 53 
00 FF FF 00 00 09 00 72 21 00 2D 00 19 00 01 01 E7 
00 19 19 00 00 23 00 93 00 19 08 00 00 19 00 30 D9 00 36 00 19 01 2D 00 00 00 00 00 00 00 00 00 00 00 05 53 D3 00 53 00 53 00 53 
00 19 19 00 00 23 00 93 01 F4 08 00 01 F4 00 AE 00 00 00 01 F4 00 AE 00 00 00 00 00 00 00 00 00 00 FF FF 42 3E 00 4E 00 51 00 4D 
00 FF FF 00 00 09 00 72 20 00 AE 01 F4 00 00 01 E8 
00 FF FF 00 00 09 00 72 50 00 00 00 00 00 00 01 E9 
00 FF FF 00 00 09 00 72 21 00 2E 00 19 00 01 01 EA 
00 19 19 00 00 23 00 93 00 19 08 00 00 19 00 31 D8 00 36 00 19 01 2E 00 00 00 00 00 00 00 00 00 00 00 05 5B 08 00 5C 00 53 00 53 
00 19 19 00 00 23 00 93 01 F4 08 00 01 F4 00 AF 00 00 00 01 F4 00 AF 00 00 00 00 00 00 00 00 00 00 FF FF 41 28 00 4E 00 51 00 4E 
00 FF FF 00 00 09 00 72 20 00 AF 01 F4 00 00 01 EB 
00 FF FF 00 00 09 00 72 50 00 00 00 00 00 00 01 EC 
00 FF FF 00 00 09 00 72 21 00 2F 00 19 00 01 01 ED 
00 19 19 00 00 23 00 93 00 19 08 00 00 19 00 32 DA 00 36 00 19 01 2F 00 00 00 00 00 00 00 00 00 00 00 05 62 DB 00 5C 00 5E 00 53 
00 FF FF 00 00 09 00 72 21 00 2F 00 19 00 01 01 EE 
00 19 19 00 00 23 00 93 00 19 08 00 00 19 00 32 DA 00 36 00 19 01 2F 00 00 00 00 00 00 00 00 00 00 00 05 62 F8 00 5C 00 5E 00 53 
00 19 19 00 00 23 00 93 01 F4 08 00 01 F4 00 B0 00 00 00 01 F4 00 B0 00 00 00 00 00 00 00 00 00 00 FF FF 40 12 00 4E 00 51 00 4E 
00 FF FF 00 00 09 00 72 20 00 B0 01 F4 00 00 01 EF 
00 FF FF 00 00 09 00 72 50 00 00 00 00 00 00 01 F0 
00 FF FF 00 00 09 00 72 21 00 30 00 19 00 01 01 F1 
00 19 19 00 00 23 00 93 00 19 08 00 00 19 00 33 D7 00 36 00 19 01 30 00 00 00 00 00 00 00 00 00 00 00 05 6A B1 00 5C 00 5E 00 53 
00 19 19 00 00 23 00 93 01 F4 08 00 01 F4 00 B1 00 00 00 01 F4 00 B1 00 00 00 00 00 00 00 00 00 00 FF FF 3E FD 00 4E 00 51 00 4E 
00 FF FF 00 00 09 00 72 20 00 B1 01 F4 00 00 01 F2 
00 FF FF 00 00 09 00 72 50 00 00 00 00 00 00 01 F3 
00 FF FF 00 00 09 00 72 21 00 31 00 19 00 01 01 F4 
00 19 19 00 00 23 00 93 00 19 08 00 00 19 00 34 D8 00 B0 00 19 01 31 00 00 00 00 00 00 00 00 00 00 00 05 75 F3 00 5C 00 5E 00 53 
00 19 19 00 00 23 00 93 01 F4 08 00 01 F4 00 B2 00 00 00 01 F4 00 B2 00 00 00 00 00 00 00 00 00 00 FF FF 3D E7 00 4E 00 4E 00 4E 
00 FF FF 00 00 09 00 72 20 00 B2 01 F4 00 00 01 F5 
00 FF FF 00 00 09 00 72 50 00 00 00 00 00 00 01 F6 
00 FF FF 00 00 09 00 72 21 00 32 00 19 00 01 01 F7 
00 19 19 00 00 23 00 93 00 19 08 00 00 19 00 35 D7 00 B9 00 19 01 32 00 00 00 00 00 00 00 00 00 00 00 05 7A 45 00 53 00 5E 00 53 
00 19 19 00 00 23 00 93 01 F4 08 00 01 F4 00 B3 00 00 00 01 F4 00 B3 00 00 00 00 00 00 00 00 00 00 FF FF 3C D2 00 4E 00 4E 00 4E 
00 FF FF 00 00 09 00 72 20 00 B3 01 F4 00 00 01 F8 
00 FF FF 00 00 09 00 72 50 00 00 00 00 00 00 01 F9 
00 FF FF 00 00 09 00 72 21 00 33 00 19 00 01 01 FA 
00 19 19 00 00 23 00 93 00 19 08 00 00 19 00 36 D7 00 B9 00 19 01 33 00 00 00 00 00 00 00 00 00 00 00 05 82 17 00 53 00 63 00 53 
00 FF FF 00 00 09 00 72 21 00 33 00 19 00 01 01 FB 
00 19 19 00 00 23 00 93 00 19 08 00 00 19 00 36 D7 00 B9 00 19 01 33 00 00 00 00 00 00 00 00 00 00 00 05 82 39 00 53 00 63 00 53 
00 19 19 00 00 23 00 93 01 F4 08 00 01 F4 00 B4 00 00 00 01 F4 00 B4 00 00 00 00 00 00 00 00 00 00 FF FF 3B BC 00 4E 00 4E 00 4E 
00 FF FF 00 00 09 00 72 20 00 B4 01 F4 00 00 01 FC 
00 FF FF 00 00 09 00 72 50 00 00 00 00 00 00 01 FD 
00 FF FF 00 00 09 00 72 21 00 34 00 19 00 01 01 FE 
00 19 19 00 00 23 00 93 00 19 08 00 00 19 00 37 D7 00 B9 00 19 01 34 00 00 00 00 00 00 00 00 00 00 00 05 89 E7 00 53 00 63 00 59 
00 19 19 00 00 23 00 93 01 F4 08 00 01 F4 00 B5 00 00 00 01 F4 00 B5 00 00 00 00 00 00 00 00 00 00 FF FF 3A A7 00 4D 00 4E 00 4E 
00 FF FF 00 00 09 00 72 20 00 B5 01 F4 00 00 01 FF 
00 FF FF 00 00 09 00 72 50 00 00 00 00 00 00 02 00 
00 FF FF 00 00 09 00 72 33 01 F4 00 00 00 00 02 01 
00 FF FF 00 00 09 00 72 21 00 35 00 19 00 01 02 02 
00 19 19 00 00 23 00 93 00 19 08 00 00 19 00 38 D7 00 A8 00 19 01 35 00 00 00 00 00 00 00 00 00 00 00 05 91 D5 00 53 00 63 00 59 
00 19 19 00 00 23 00 93 01 F4 08 00 01 F4 00 B6 00 00 00 01 F4 00 B6 00 00 00 00 00 00 00 00 00 00 FF FF 39 91 00 4D 00 4E 00 4E 
00 FF FF 00 00 09 00 72 20 00 B6 01 F4 00 00 02 03 
00 FF FF 00 00 09 00 72 50 00 00 00 00 00 00 02 04 
00 FF FF 00 00 09 00 72 21 00 36 00 19 00 01 02 05 
00 19 19 00 00 23 00 93 00 19 08 00 00 19 00 39 D7 00 A8 00 19 01 36 00 00 00 00 00 00 00 00 00 00 00 05 99 89 00 53 00 63 00 59 
00 19 19 00 00 23 00 93 01 F4 08 00 01 F4 00 B7 00 00 00 01 F4 00 B7 00 00 00 00 00 00 00 00 00 00 FF FF 38 7B 00 4D 00 4E 00 53 
00 FF FF 00 00 09 00 72 20 00 B7 01 F4 00 00 02 06 
00 FF FF 00 00 09 00 72 50 00 00 00 00 00 00 02 07 
00 FF FF 00 00 09 00 72 21 00 37 00 19 00 01 02 08 
00 19 19 00 00 23 00 93 00 19 08 00 00 19 00 3A DB 00 A8 00 19 01 37 00 00 00 00 00 00 00 00 00 00 00 05 A1 6E 00 53 00 75 00 59 
00 19 19 00 00 23 00 93 01 F4 08 00 01 F4 00 B8 00 00 00 01 F4 00 B8 00 00 00 00 00 00 00 00 00 00 FF FF 37 66 00 4D 00 4E 00 53 
00 FF FF 00 00 09 00 72 20 00 B8 01 F4 00 00 02 09 
00 FF FF 00 00 09 00 72 50 00 00 00 00 00 00 02 0A 
00 FF FF 00 00 09 00 72 21 00 38 00 19 00 01 02 0B 
00 19 19 00 00 23 00 93 00 19 08 00 00 19 00 3B DB 00 98 00 19 01 38 00 00 00 00 00 00 00 00 00 00 00 05 A9 60 00 53 00 75 00 54 
00 19 19 00 00 23 00 93 01 F4 08 00 01 F4 00 B9 00 00 00 01 F4 00 B9 00 00 00 00 00 00 00 00 00 00 FF FF 36 50 00 4E 00 4E 00 53 
00 FF FF 00 00 09 00 72 20 00 B9 01 F4 00 00 02 0C 
00 FF FF 00 00 09 00 72 50 00 00 00 00 00 00 02 0D 
00 FF FF 00 00 09 00 72 21 00 39 00 19 00 01 02 0E 
00 19 19 00 00 23 00 93 00 19 08 00 00 19 00 3C DA 00 98 00 19 01 39 00 00 00 00 00 00 00 00 00 00 00 05 B0 F5 00 53 00 75 00 54 
00 19 19 00 00 23 00 93 01 F4 08 00 01 F4 00 BA 00 00 00 01 F4 00 BA 00 00 00 00 00 00 00 00 00 00 FF FF 35 3B 00 4E 00 50 00 53 
00 FF FF 00 00 09 00 72 20 00 BA 01 F4 00 00 02 0F 
00 FF FF 00 00 09 00 72 50 00 00 00 00 00 00 02 10 
00 FF FF 00 00 09 00 72 21 00 3A 00 19 00 01 02 11 
00 19 19 00 00 23 00 93 00 19 08 00 00 19 00 3D DB 00 98 00 19 01 3A 00 00 00 00 00 00 00 00 00 00 00 05 B8 C0 00 53 00 75 00 54 
00 19 19 00 00 23 00 93 01 F4 08 00 01 F4 00 BB 00 00 00 01 F4 00 BB 00 00 00 00 00 00 00 00 00 00 FF FF 34 25 00 4E 00 50 00 4E 
00 FF FF 00 00 09 00 72 20 00 BB 01 F4 00 00 02 12 
00 FF FF 00 00 09 00 72 50 00 00 00 00 00 00 02 13 
00 FF FF 00 00 09 00 72 21 00 3B 00 19 00 01 02 14 
00 19 19 00 00 23 00 93 00 19 08 00 00 19 00 3E DB 00 98 00 19 01 3B 00 00 00 00 00 00 00 00 00 00 00 05 C0 C0 00 53 00 53 00 54 
00 19 19 00 00 23 00 93 01 F4 08 00 01 F4 00 BC 00 00 00 01 F4 00 BC 00 00 00 00 00 00 00 00 00 00 FF FF 33 10 00 4E 00 50 00 4E 
00 FF FF 00 00 09 00 72 20 00 BC 01 F4 00 00 02 15 
00 FF FF 00 00 09 00 72 50 00 00 00 00 00 00 02 16 
00 FF FF 00 00 09 00 72 21 00 3C 00 19 00 01 02 17 
00 19 19 00 00 23 00 93 00 19 08 00 00 19 00 3F DB 00 8A 00 19 01 3C 00 00 00 00 00 00 00 00 00 00 00 05 C8 69 00 53 00 53 00 52 
00 19 19 00 00 23 00 93 01 F4 08 00 01 F4 00 BD 00 00 00 01 F4 00 BD 00 00 00 00 00 00 00 00 00 00 FF FF 31 FA 00 4E 00 50 00 4E 
00 FF FF 00 00 09 00 72 20 00 BD 01 F4 00 00 02 18 
00 FF FF 00 00 09 00 72 50 00 00 00 00 00 00 02 19 
00 FF FF 00 00 09 00 72 21 00 3D 00 19 00 01 02 1A 
00 19 19 00 00 23 00 93 00 19 08 00 00 19 00 40 D9 00 8A 00 19 01 3D 00 00 00 00 00 00 00 00 00 00 00 05 D0 51 00 53 00 53 00 52 
00 19 19 00 00 23 00 93 01 F4 08 00 01 F4 00 BE 00 00 00 01 F4 00 BE 00 00 00 00 00 00 00 00 00 00 FF FF 30 E4 00 4E 00 4E 00 4E 
00 FF FF 00 00 09 00 72 20 00 BE 01 F4 00 00 02 1B 
00 FF FF 00 00 09 00 72 50 00 00 00 00 00 00 02 1C 
00 FF FF 00 00 09 00 72 21 00 3E 00 19 00 01 02 1D 
00 19 19 00 00 23 00 93 00 19 08 00 00 19 00 41 D7 00 8A 00 19 01 3E 00 00 00 00 00 00 00 00 00 00 00 05 D8 0B 00 75 00 53 00 52 
00 19 19 00 00 23 00 93 01 F4 08 00 01 F4 00 BF 00 00 00 01 F4 00 BF 00 00 00 00 00 00 00 00 00 00 FF FF 2F CF 00 4E 00 4E 00 4E 
00 FF FF 00 00 09 00 72 20 00 BF 01 F4 00 00 02 1E 
00 FF FF 00 00 09 00 72 50 00 00 00 00 00 00 02 1F 
00 FF FF 00 00 09 00 72 21 00 3F 00 19 00 01 02 20 
00 19 19 00 00 23 00 93 00 19 08 00 00 19 00 42 D6 00 8A 00 19 01 3F 00 00 00 00 00 00 00 00 00 00 00 05 DF D4 00 75 00 63 00 52 
00 19 19 00 00 23 00 93 01 F4 08 00 01 F4 00 C0 00 00 00 01 F4 00 C0 00 00 00 00 00 00 00 00 00 00 FF FF 2E B9 00 4E 00 4E 00 4E 
00 FF FF 00 00 09 00 72 20 00 C0 01 F4 00 00 02 21 
00 FF FF 00 00 09 00 72 50 00 00 00 00 00 00 02 22 
00 FF FF 00 00 09 00 72 21 00 40 00 19 00 01 02 23 
00 19 19 00 00 23 00 93 00 19 08 00 00 19 00 43 D5 00 7D 00 19 01 40 00 00 00 00 00 00 00 00 00 00 00 05 E7 A3 00 75 00 63 00 61 
00 FF FF 00 00 09 00 72 21 00 40 00 19 00 01 02 24 
00 19 19 00 00 23 00 93 00 19 08 00 00 19 00 43 D6 00 84 00 19 01 40 00 00 00 00 00 00 00 00 00 00 00 05 E9 E7 00 75 00 63 00 61 
00 19 19 00 00 23 00 93 01 F4 08 00 01 F4 00 C1 00 00 00 01 F4 00 C1 00 00 00 00 00 00 00 00 00 00 FF FF 2D A4 00 51 00 4E 00 4E 
00 FF FF 00 00 09 00 72 20 00 C1 01 F4 00 00 02 25 
00 FF FF 00 00 09 00 72 50 00 00 00 00 00 00 02 26 
00 FF FF 00 00 09 00 72 21 00 41 00 19 00 01 02 27 
00 19 19 00 00 23 00 93 00 19 08 00 00 19 00 44 DB 00 8A 00 19 01 41 00 00 00 00 00 00 00 00 00 00 00 05 EF 7F 00 75 00 63 00 61 
00 19 19 00 00 23 00 93 01 F4 08 00 01 F4 00 C2 00 00 00 01 F4 00 C2 00 00 00 00 00 00 00 00 00 00 FF FF 2C 8E 00 51 00 56 00 4E 
00 FF FF 00 00 09 00 72 20 00 C2 01 F4 00 00 02 28 
00 FF FF 00 00 09 00 72 50 00 00 00 00 00 00 02 29 
00 FF FF 00 00 09 00 72 21 00 42 00 19 00 01 02 2A 
00 19 19 00 00 23 00 93 00 19 08 00 00 19 00 45 D9 00 8A 00 19 01 42 00 00 00 00 00 00 00 00 00 00 00 05 F7 43 00 53 00 63 00 61 
00 19 19 00 00 23 00 93 01 F4 08 00 01 F4 00 C3 00 00 00 01 F4 00 C3 00 00 00 00 00 00 00 00 00 00 FF FF 2B 78 00 51 00 56 00 4D 
00 FF FF 00 00 09 00 72 20 00 C3 01 F4 00 00 02 2B 
00 FF FF 00 00 09 00 72 50 00 00 00 00 00 00 02 2C 
00 FF FF 00 00 09 00 72 21 00 43 00 19 00 01 02 2D 
00 19 19 00 00 23 00 93 00 19 08 00 00 19 00 46 DA 00 8A 00 19 01 43 00 00 00 00 00 00 00 00 00 00 00 05 FF 17 00 53 00 5D 00 61 
00 19 19 00 00 23 00 93 01 F4 08 00 01 F4 00 C4 00 00 00 01 F4 00 C4 00 00 00 00 00 00 00 00 00 00 FF FF 2A 63 00 51 00 56 00 4D 
00 FF FF 00 00 09 00 72 20 00 C4 01 F4 00 00 02 2E 
00 FF FF 00 00 09 00 72 50 00 00 00 00 00 00 02 2F 
00 FF FF 00 00 09 00 72 21 00 44 00 19 00 01 02 30 
00 19 19 00 00 23 00 93 00 19 08 00 00 19 00 47 D5 00 7D 00 19 01 44 00 00 00 00 00 00 00 00 00 00 00 06 07 1A 00 53 00 5D 00 52 
00 19 19 00 00 23 00 93 01 F4 08 00 01 F4 00 C5 00 00 00 01 F4 00 C5 00 00 00 00 00 00 00 00 00 00 FF FF 29 4D 00 4E 00 56 00 4D 
00 FF FF 00 00 09 00 72 20 00 C5 01 F4 00 00 02 31 
00 FF FF 00 00 09 00 72 50 00 00 00 00 00 00 02 32 
00 FF FF 00 00 09 00 72 21 00 45 00 19 00 01 02 33 
00 19 19 00 00 23 00 93 00 19 08 00 00 19 00 48 D7 00 7D 00 19 01 45 00 00 00 00 00 00 00 00 00 00 00 06 0E D3 00 53 00 5D 00 52 
00 FF FF 00 00 09 00 72 21 00 45 00 19 00 01 02 34 
00 19 19 00 00 23 00 93 00 19 08 00 00 19 00 48 D8 00 7D 00 19 01 45 00 00 00 00 00 00 00 00 00 00 00 06 0E FB 00 53 00 5D 00 52 
00 19 19 00 00 23 00 93 01 F4 08 00 01 F4 00 C6 00 00 00 01 F4 00 C6 00 00 00 00 00 00 00 00 00 00 FF FF 28 38 00 4E 00 4E 00 4D 
00 FF FF 00 00 09 00 72 20 00 C6 01 F4 00 00 02 35 
00 FF FF 00 00 09 00 72 50 00 00 00 00 00 00 02 36 
00 FF FF 00 00 09 00 72 21 00 46 00 19 00 01 02 37 
00 19 19 00 00 23 00 93 00 19 08 00 00 19 00 49 D5 00 73 00 19 01 46 00 00 00 00 00 00 00 00 00 00 00 06 16 EB 00 6C 00 5D 00 52 
00 FF FF 00 00 09 00 72 21 00 46 00 19 00 01 02 38 
00 19 19 00 00 23 00 93 00 19 08 00 00 19 00 49 D6 00 6C 00 19 01 46 00 00 00 00 00 00 00 00 00 00 00 06 17 49 00 6C 00 5D 00 52 
00 19 19 00 00 23 00 93 01 F4 08 00 01 F4 00 C7 00 00 00 01 F4 00 C7 00 00 00 00 00 00 00 00 00 00 FF FF 27 22 00 4E 00 4E 00 50 
00 FF FF 00 00 09 00 72 20 00 C7 01 F4 00 00 02 39 
00 FF FF 00 00 09 00 72 50 00 00 00 00 00 00 02 3A 
00 FF FF 00 00 09 00 72 21 00 47 00 19 00 01 02 3B 
00 19 19 00 00 23 00 93 00 19 08 00 00 19 00 4A D6 00 67 00 19 01 47 00 00 00 00 00 00 00 00 00 00 00 06 1E 80 00 6C 00 59 00 52 
00 19 19 00 00 23 00 93 01 F4 08 00 01 F4 00 C8 00 00 00 01 F4 00 C8 00 00 00 00 00 00 00 00 00 00 FF FF 26 0D 00 4E 00 4E 00 50 
00 FF FF 00 00 09 00 72 20 00 C8 01 F4 00 00 02 3C 
00 FF FF 00 00 09 00 72 50 00 00 00 00 00 00 02 3D 
00 FF FF 00 00 09 00 72 21 00 48 00 19 00 01 02 3E 
00 19 19 00 00 23 00 93 00 19 08 00 00 19 00 4B D5 00 67 00 19 01 48 00 00 00 00 00 00 00 00 00 00 00 06 26 2E 00 6C 00 59 00 53 
00 19 19 00 00 23 00 93 01 F4 08 00 01 F4 00 C9 00 00 00 01 F4 00 C9 00 00 00 00 00 00 00 00 00 00 FF FF 24 F7 00 4D 00 4E 00 50 
00 FF FF 00 00 09 00 72 20 00 C9 01 F4 00 00 02 3F 
00 FF FF 00 00 09 00 72 50 00 00 00 00 00 00 02 40 
00 FF FF 00 00 09 00 72 21 00 49 00 19 00 01 02 41 
00 19 19 00 00 23 00 93 00 19 08 00 00 19 00 4C D8 00 67 00 19 01 49 00 00 00 00 00 00 00 00 00 00 00 06 2E 12 00 6C 00 59 00 53 
00 FF FF 00 00 09 00 72 21 00 49 00 19 00 01 02 42 
00 19 19 00 00 23 00 93 00 19 08 00 00 19 00 4C D7 00 5F 00 19 01 49 00 00 00 00 00 00 00 00 00 00 00 06 2E 29 00 6C 00 59 00 53 
00 19 19 00 00 23 00 93 01 F4 08 00 01 F4 00 CA 00 00 00 01 F4 00 CA 00 00 00 00 00 00 00 00 00 00 FF FF 23 E1 00 4D 00 4E 00 50 
00 FF FF 00 00 09 00 72 20 00 CA 01 F4 00 00 02 43 
00 FF FF 00 00 09 00 72 50 00 00 00 00 00 00 02 44 
00 FF FF 00 00 09 00 72 21 00 4A 00 19 00 01 02 45 
00 19 19 00 00 23 00 93 00 19 08 00 00 19 00 4D D8 00 5F 00 19 01 4A 00 00 00 00 00 00 00 00 00 00 00 06 36 23 00 5B 00 59 00 53 
00 19 19 00 00 23 00 93 01 F4 08 00 01 F4 00 CB 00 00 00 01 F4 00 CB 00 00 00 00 00 00 00 00 00 00 FF FF 22 CC 00 4D 00 4E 00 4E 
00 FF FF 00 00 09 00 72 20 00 CB 01 F4 00 00 02 46 
00 FF FF 00 00 09 00 72 50 00 00 00 00 00 00 02 47 
00 FF FF 00 00 09 00 72 21 00 4B 00 19 00 01 02 48 
00 19 19 00 00 23 00 93 00 19 08 00 00 19 00 4E D8 00 5F 00 19 01 4B 00 00 00 00 00 00 00 00 00 00 00 06 3D 94 00 5B 00 54 00 53 
00 FF FF 00 00 09 00 72 21 00 4B 00 19 00 01 02 49 
00 19 19 00 00 23 00 93 00 19 08 00 00 19 00 4E D8 00 58 00 19 01 4B 00 00 00 00 00 00 00 00 00 00 00 06 3D D5 00 5B 00 54 00 53 
00 19 19 00 00 23 00 93 01 F4 08 00 01 F4 00 CC 00 00 00 01 F4 00 CC 00 00 00 00 00 00 00 00 00 00 FF FF 21 B6 00 4D 00 4E 00 4E 
00 FF FF 00 00 09 00 72 20 00 CC 01 F4 00 00 02 4A 
00 FF FF 00 00 09 00 72 50 00 00 00 00 00 00 02 4B 
00 FF FF 00 00 09 00 72 21 00 4C 00 19 00 01 02 4C 
00 19 19 00 00 23 00 93 00 19 08 00 00 19 00 4F D6 00 58 00 19 01 4C 00 00 00 00 00 00 00 00 00 00 00 06 45 80 00 5B 00 54 00 5F 
00 19 19 00 00 23 00 93 01 F4 08 00 01 F4 00 CD 00 00 00 01 F4 00 CD 00 00 00 00 00 00 00 00 00 00 FF FF 20 A1 00 4E 00 4E 00 4E 
00 FF FF 00 00 09 00 72 20 00 CD 01 F4 00 00 02 4D 
00 FF FF 00 00 09 00 72 50 00 00 00 00 00 00 02 4E 
00 FF FF 00 00 09 00 72 21 00 4D 00 19 00 01 02 4F 
00 19 19 00 00 23 00 93 00 19 08 00 00 19 00 50 D8 00 58 00 19 01 4D 00 00 00 00 00 00 00 00 00 00 00 06 4D 33 00 5B 00 54 00 5F 
00 19 19 00 00 23 00 93 01 F4 08 00 01 F4 00 CE 00 00 00 01 F4 00 CE 00 00 00 00 00 00 00 00 00 00 FF FF 1F 8B 00 4E 00 57 00 4E 
00 FF FF 00 00 09 00 72 20 00 CE 01 F4 00 00 02 50 
00 FF FF 00 00 09 00 72 50 00 00 00 00 00 00 02 51 
00 FF FF 00 00 09 00 72 21 00 4E 00 19 00 01 02 52 
00 19 19 00 00 23 00 93 00 19 08 00 00 19 00 51 D8 00 50 00 19 01 4E 00 00 00 00 00 00 00 00 00 00 00 06 55 08 00 76 00 54 00 5F 
00 FF FF 00 00 09 00 72 21 00 4E 00 19 00 01 02 53 
00 19 19 00 00 23 00 93 00 19 08 00 00 19 00 51 D8 00 50 00 19 01 4E 00 00 00 00 00 00 00 00 00 00 00 06 55 23 00 76 00 54 00 5F 
00 19 19 00 00 23 00 93 01 F4 08 00 01 F4 00 CF 00 00 00 01 F4 00 CF 00 00 00 00 00 00 00 00 00 00 FF FF 1E 76 00 4E 00 57 00 54 
00 FF FF 00 00 09 00 72 20 00 CF 01 F4 00 00 02 54 
00 FF FF 00 00 09 00 72 50 00 00 00 00 00 00 02 55 
00 FF FF 00 00 09 00 72 21 00 4F 00 19 00 01 02 56 
00 19 19 00 00 23 00 93 00 19 08 00 00 19 00 52 D8 00 50 00 19 01 4F 00 00 00 00 00 00 00 00 00 00 00 06 5C F5 00 76 00 72 00 5F 
00 19 19 00 00 23 00 93 01 F4 08 00 01 F4 00 D0 00 00 00 01 F4 00 D0 00 00 00 00 00 00 00 00 00 00 FF FF 1D 60 00 4E 00 57 00 54 
00 FF FF 00 00 09 00 72 20 00 D0 01 F4 00 00 02 57 
00 FF FF 00 00 09 00 72 50 00 00 00 00 00 00 02 58 
00 FF FF 00 00 09 00 72 21 00 50 00 19 00 01 02 59 
00 19 19 00 00 23 00 93 00 19 08 00 00 19 00 53 D9 00 50 00 19 01 50 00 00 00 00 00 00 00 00 00 00 00 06 64 A3 00 76 00 72 00 53 
00 19 19 00 00 23 00 93 01 F4 08 00 01 F4 00 D1 00 00 00 01 F4 00 D1 00 00 00 00 00 00 00 00 00 00 FF FF 1C 4A 00 50 00 57 00 54 
00 FF FF 00 00 09 00 72 20 00 D1 01 F4 00 00 02 5A 
00 FF FF 00 00 09 00 72 50 00 00 00 00 00 00 02 5B 
00 FF FF 00 00 09 00 72 21 00 51 00 19 00 01 02 5C 
00 19 19 00 00 23 00 93 00 19 08 00 00 19 00 54 D8 00 49 00 19 01 51 00 00 00 00 00 00 00 00 00 00 00 06 6C 6E 00 76 00 72 00 53 
00 19 19 00 00 23 00 93 01 F4 08 00 01 F4 00 D2 00 00 00 01 F4 00 D2 00 00 00 00 00 00 00 00 00 00 FF FF 1B 35 00 50 00 64 00 54 
00 FF FF 00 00 09 00 72 20 00 D2 01 F4 00 00 02 5D 
00 FF FF 00 00 09 00 72 50 00 00 00 00 00 00 02 5E 
00 FF FF 00 00 09 00 72 21 00 52 00 19 00 01 02 5F 
00 19 19 00 00 23 00 93 00 19 08 00 00 19 00 55 D7 00 49 00 19 01 52 00 00 00 00 00 00 00 00 00 00 00 06 74 41 00 53 00 72 00 53 
00 FF FF 00 00 09 00 72 21 00 52 00 19 00 01 02 60 
00 19 19 00 00 23 00 93 00 19 08 00 00 19 00 55 D7 00 49 00 19 01 52 00 00 00 00 00 00 00 00 00 00 00 06 74 7A 00 53 00 72 00 53 
00 FF FF 00 00 09 00 72 21 00 52 00 19 00 01 02 61 
00 19 19 00 00 23 00 93 00 19 08 00 00 19 00 55 D6 00 49 00 19 01 52 00 00 00 00 00 00 00 00 00 00 00 06 74 A0 00 53 00 72 00 53 
00 19 19 00 00 23 00 93 01 F4 08 00 01 F4 00 D3 00 00 00 01 F4 00 D3 00 00 00 00 00 00 00 00 00 00 FF FF 1A 1F 00 50 00 64 00 4D 
00 FF FF 00 00 09 00 72 20 00 D3 01 F4 00 00 02 62 
00 FF FF 00 00 09 00 72 50 00 00 00 00 00 00 02 63 
00 FF FF 00 00 09 00 72 21 00 53 00 19 00 01 02 64 
00 19 19 00 00 23 00 93 00 19 08 00 00 19 00 56 D7 00 44 00 19 01 53 00 00 00 00 00 00 00 00 00 00 00 06 7C 0D 00 53 00 52 00 53 
00 19 19 00 00 23 00 93 01 F4 08 00 01 F4 00 D4 00 00 00 01 F4 00 D4 00 00 00 00 00 00 00 00 00 00 FF FF 19 0A 00 50 00 64 00 4D 
00 FF FF 00 00 09 00 72 20 00 D4 01 F4 00 00 02 65 
00 FF FF 00 00 09 00 72 50 00 00 00 00 00 00 02 66 
00 FF FF 00 00 09 00 72 21 00 54 00 19 00 01 02 67 
00 19 19 00 00 23 00 93 00 19 08 00 00 19 00 57 D7 00 44 00 19 01 54 00 00 00 00 00 00 00 00 00 00 00 06 83 DF 00 53 00 52 00 57 
00 19 19 00 00 23 00 93 01 F4 08 00 01 F4 00 D5 00 00 00 01 F4 00 D5 00 00 00 00 00 00 00 00 00 00 FF FF 17 F4 00 52 00 64 00 4D 
00 FF FF 00 00 09 00 72 20 00 D5 01 F4 00 00 02 68 
00 FF FF 00 00 09 00 72 50 00 00 00 00 00 00 02 69 
00 FF FF 00 00 09 00 72 21 00 55 00 19 00 01 02 6A 
00 19 19 00 00 23 00 93 00 19 08 00 00 19 00 58 DA 00 44 00 19 01 55 00 00 00 00 00 00 00 00 00 00 00 06 8B AF 00 53 00 52 00 57 
00 19 19 00 00 23 00 93 01 F4 08 00 01 F4 00 D6 00 00 00 01 F4 00 D6 00 00 00 00 00 00 00 00 00 00 FF FF 16 DE 00 52 00 4E 00 4D 
00 FF FF 00 00 09 00 72 20 00 D6 01 F4 00 00 02 6B 
00 FF FF 00 00 09 00 72 50 00 00 00 00 00 00 02 6C 
00 FF FF 00 00 09 00 72 21 00 56 00 19 00 01 02 6D 
00 19 19 00 00 23 00 93 00 19 08 00 00 19 00 59 D9 00 44 00 19 01 56 00 00 00 00 00 00 00 00 00 00 00 06 93 A4 00 5C 00 52 00 57 
00 19 19 00 00 23 00 93 01 F4 08 00 01 F4 00 D7 00 00 00 01 F4 00 D7 00 00 00 00 00 00 00 00 00 00 FF FF 15 C9 00 52 00 4E 00 60 
00 FF FF 00 00 09 00 72 20 00 D7 01 F4 00 00 02 6E 
00 FF FF 00 00 09 00 72 50 00 00 00 00 00 00 02 6F 
00 FF FF 00 00 09 00 72 21 00 57 00 19 00 01 02 70 
00 19 19 00 00 23 00 93 00 19 08 00 00 19 00 5A D9 00 3E 00 19 01 57 00 00 00 00 00 00 00 00 00 00 00 06 9B 5D 00 5C 00 6C 00 57 
00 19 19 00 00 23 00 93 01 F4 08 00 01 F4 00 D8 00 00 00 01 F4 00 D8 00 00 00 00 00 00 00 00 00 00 FF FF 14 B3 00 52 00 4E 00 60 
00 FF FF 00 00 09 00 72 20 00 D8 01 F4 00 00 02 71 
00 FF FF 00 00 09 00 72 50 00 00 00 00 00 00 02 72 
00 FF FF 00 00 09 00 72 21 00 58 00 19 00 01 02 73 
00 19 19 00 00 23 00 93 00 19 08 00 00 19 00 5B D8 00 3E 00 19 01 58 00 00 00 00 00 00 00 00 00 00 00 06 A3 24 00 5C 00 6C 00 63 
00 19 19 00 00 23 00 93 01 F4 08 00 01 F4 00 D9 00 00 00 01 F4 00 D9 00 00 00 00 00 00 00 00 00 00 FF FF 13 9E 00 4E 00 4E 00 60 
00 FF FF 00 00 09 00 72 20 00 D9 01 F4 00 00 02 74 
00 FF FF 00 00 09 00 72 50 00 00 00 00 00 00 02 75 
00 FF FF 00 00 09 00 72 21 00 59 00 19 00 01 02 76 
00 19 19 00 00 23 00 93 00 19 08 00 00 19 00 5C D8 00 3E 00 19 01 59 00 00 00 00 00 00 00 00 00 00 00 06 AB 0C 00 5C 00 6C 00 63 
00 FF FF 00 00 09 00 72 21 00 59 00 19 00 01 02 77 
00 19 19 00 00 23 00 93 00 19 08 00 00 19 00 5C D9 00 3E 00 19 01 59 00 00 00 00 00 00 00 00 00 00 00 06 AB 2E 00 5C 00 6C 00 63 
00 19 19 00 00 23 00 93 01 F4 08 00 01 F4 00 DA 00 00 00 01 F4 00 DA 00 00 00 00 00 00 00 00 00 00 FF FF 12 88 00 4E 00 56 00 60 
00 FF FF 00 00 09 00 72 20 00 DA 01 F4 00 00 02 78 
00 FF FF 00 00 09 00 72 50 00 00 00 00 00 00 02 79 
00 FF FF 00 00 09 00 72 21 00 5A 00 19 00 01 02 7A 
00 19 19 00 00 23 00 93 00 19 08 00 00 19 00 5D D7 00 3E 00 19 01 5A 00 00 00 00 00 00 00 00 00 00 00 06 B2 C5 00 5B 00 6C 00 63 
00 FF FF 00 00 09 00 72 21 00 5A 00 19 00 01 02 7B 
00 19 19 00 00 23 00 93 00 19 08 00 00 19 00 5D D8 00 39 00 19 01 5A 00 00 00 00 00 00 00 00 00 00 00 06 B2 E6 00 5B 00 6C 00 63 
00 19 19 00 00 23 00 93 01 F4 08 00 01 F4 00 DB 00 00 00 01 F4 00 DB 00 00 00 00 00 00 00 00 00 00 FF FF 11 73 00 4E 00 56 00 4E 
00 FF FF 00 00 09 00 72 20 00 DB 01 F4 00 00 02 7C 
00 FF FF 00 00 09 00 72 50 00 00 00 00 00 00 02 7D 
00 FF FF 00 00 09 00 72 21 00 5B 00 19 00 01 02 7E 
00 19 19 00 00 23 00 93 00 19 08 00 00 19 00 5E D6 00 39 00 19 01 5B 00 00 00 00 00 00 00 00 00 00 00 06 BA B5 00 5B 00 5F 00 63 
00 19 19 00 00 23 00 93 01 F4 08 00 01 F4 00 DC 00 00 00 01 F4 00 DC 00 00 00 00 00 00 00 00 00 00 FF FF 10 5D 00 4E 00 56 00 4E 
00 FF FF 00 00 09 00 72 20 00 DC 01 F4 00 00 02 7F 
00 FF FF 00 00 09 00 72 50 00 00 00 00 00 00 02 80 
00 FF FF 00 00 09 00 72 21 00 5C 00 19 00 01 02 81 
00 19 19 00 00 23 00 93 00 19 08 00 00 19 00 5F D8 00 39 00 19 01 5C 00 00 00 00 00 00 00 00 00 00 00 06 C2 62 00 5B 00 5F 00 71 
00 19 19 00 00 23 00 93 01 F4 08 00 01 F4 00 DD 00 00 00 01 F4 00 DD 00 00 00 00 00 00 00 00 00 00 FF FF 0F 47 00 4E 00 56 00 4E 
00 FF FF 00 00 09 00 72 20 00 DD 01 F4 00 00 02 82 
00 FF FF 00 00 09 00 72 50 00 00 00 00 00 00 02 83 
00 FF FF 00 00 09 00 72 21 00 5D 00 19 00 01 02 84 
00 19 19 00 00 23 00 93 00 19 08 00 00 19 00 60 D8 00 39 00 19 01 5D 00 00 00 00 00 00 00 00 00 00 00 06 CA 36 00 5B 00 5F 00 71 
00 19 19 00 00 23 00 93 01 F4 08 00 01 F4 00 DE 00 00 00 01 F4 00 DE 00 00 00 00 00 00 00 00 00 00 FF FF 0E 32 00 4E 00 50 00 4E 
00 FF FF 00 00 09 00 72 20 00 DE 01 F4 00 00 02 85 
00 FF FF 00 00 09 00 72 50 00 00 00 00 00 00 02 86 
00 FF FF 00 00 09 00 72 21 00 5E 00 19 00 01 02 87 
00 19 19 00 00 23 00 93 00 19 08 00 00 19 00 61 D9 00 34 00 19 01 5E 00 00 00 00 00 00 00 00 00 00 00 06 D1 FC 00 67 00 5F 00 71 
00 19 19 00 00 23 00 93 01 F4 08 00 01 F4 00 DF 00 00 00 01 F4 00 DF 00 00 00 00 00 00 00 00 00 00 FF FF 0D 1C 00 4E 00 50 00 53 
00 FF FF 00 00 09 00 72 20 00 DF 01 F4 00 00 02 88 
00 FF FF 00 00 09 00 72 50 00 00 00 00 00 00 02 89 
00 FF FF 00 00 09 00 72 21 00 5F 00 19 00 01 02 8A 
00 19 19 00 00 23 00 93 00 19 08 00 00 19 00 62 D8 00 34 00 19 01 5F 00 00 00 00 00 00 00 00 00 00 00 06 D9 F3 00 67 00 53 00 71 
00 19 19 00 00 23 00 93 01 F4 08 00 01 F4 00 E0 00 00 00 01 F4 00 E0 00 00 00 00 00 00 00 00 00 00 FF FF 0C 07 00 4E 00 50 00 53 
00 FF FF 00 00 09 00 72 20 00 E0 01 F4 00 00 02 8B 
00 FF FF 00 00 09 00 72 50 00 00 00 00 00 00 02 8C 
00 FF FF 00 00 09 00 72 21 00 60 00 19 00 01 02 8D 
00 19 19 00 00 23 00 93 00 19 08 00 00 19 00 63 D8 00 34 00 19 01 60 00 00 00 00 00 00 00 00 00 00 00 06 E1 9E 00 67 00 53 00 73 
00 19 19 00 00 23 00 93 01 F4 08 00 01 F4 00 E1 00 00 00 01 F4 00 E1 00 00 00 00 00 00 00 00 00 00 FF FF 0A F1 00 4E 00 50 00 53 
00 FF FF 00 00 09 00 72 20 00 E1 01 F4 00 00 02 8E 
00 FF FF 00 00 09 00 72 50 00 00 00 00 00 00 02 8F 
00 19 19 00 00 23 00 93 01 F4 08 00 01 F4 00 E2 00 00 00 01 F4 00 E2 00 00 00 00 00 00 00 00 00 00 FF FF 09 DB 00 4E 00 4E 00 53 
00 FF FF 00 00 09 00 72 20 00 E2 01 F4 00 00 02 90 
00 FF FF 00 00 09 00 72 50 00 00 00 00 00 00 02 91 
00 19 19 00 00 23 00 93 01 F4 08 00 01 F4 00 E3 00 00 00 01 F4 00 E3 00 00 00 00 00 00 00 00 00 00 FF FF 08 C6 00 4E 00 4E 00 52 
00 FF FF 00 00 09 00 72 20 00 E3 01 F4 00 00 02 92 
00 FF FF 00 00 09 00 72 50 00 00 00 00 00 00 02 93 
00 19 19 00 00 23 00 93 01 F4 08 00 01 F4 00 E4 00 00 00 01 F4 00 E4 00 00 00 00 00 00 00 00 00 00 FF FF 07 B0 00 4E 00 4E 00 52 
00 FF FF 00 00 09 00 72 20 00 E4 01 F4 00 00 02 94 
00 FF FF 00 00 09 00 72 50 00 00 00 00 00 00 02 95 
00 19 19 00 00 23 00 93 01 F4 08 00 01 F4 00 E5 00 00 00 01 F4 00 E5 00 00 00 00 00 00 00 00 00 00 FF FF 06 9B 00 4E 00 4E 00 52 
00 FF FF 00 00 09 00 72 20 00 E5 01 F4 00 00 02 96 
00 FF FF 00 00 09 00 72 50 00 00 00 00 00 00 02 97 
00 19 19 00 00 23 00 93 01 F4 08 00 01 F4 00 E6 00 00 00 01 F4 00 E6 00 00 00 00 00 00 00 00 00 00 FF FF 05 85 00 4E 00 4E 00 52 
00 FF FF 00 00 09 00 72 20 00 E6 01 F4 00 00 02 98 
00 FF FF 00 00 09 00 72 50 00 00 00 00 00 00 02 99 
00 19 19 00 00 23 00 93 01 F4 08 00 01 F4 00 E7 00 00 00 01 F4 00 E7 00 00 00 00 00 00 00 00 00 00 FF FF 04 70 00 4E 00 4E 00 53 
00 FF FF 00 00 09 00 72 20 00 E7 01 F4 00 00 02 9A 
00 FF FF 00 00 09 00 72 50 00 00 00 00 00 00 02 9B 
00 19 19 00 00 23 00 93 01 F4 08 00 01 F4 00 E8 00 00 00 01 F4 00 E8 00 00 00 00 00 00 00 00 00 00 FF FF 03 5A 00 4E 00 4E 00 53 
00 FF FF 00 00 09 00 72 20 00 E8 01 F4 00 00 02 9C 
00 FF FF 00 00 09 00 72 50 00 00 00 00 00 00 02 9D 
00 19 19 00 00 23 00 93 01 F4 08 00 01 F4 00 E9 00 00 00 01 F4 00 E9 00 00 00 00 00 00 00 00 00 00 FF FF 02 44 00 4E 00 4E 00 53 
00 FF FF 00 00 09 00 72 20 00 E9 01 F4 00 00 02 9E 
00 FF FF 00 00 09 00 72 50 00 00 00 00 00 00 02 9F 
00 19 19 00 00 23 00 93 01 F4 08 00 01 F4 00 EA 00 00 00 01 F4 00 EA 00 00 00 00 00 00 00 00 00 00 FF FF 01 2F 00 4E 00 51 00 53 
00 FF FF 00 00 09 00 72 20 00 EA 01 F4 00 00 02 A0 
00 FF FF 00 00 09 00 72 50 00 00 00 00 00 00 02 A1 
00 19 19 00 00 23 00 93 01 F4 08 00 01 F4 00 EB 00 00 00 01 F4 00 EB 00 00 00 00 00 00 00 00 00 00 FF FF 00 19 00 4E 00 51 00 4E 
00 FF FF 00 00 09 00 72 20 00 EB 01 F4 00 00 02 A2 
00 FF FF 00 00 09 00 72 50 00 00 00 00 00 00 02 A3 
00 19 19 00 00 23 00 93 01 F4 08 00 01 F4 00 EC 00 00 00 01 F4 00 EC 00 00 00 00 00 00 00 00 00 00 FF FE FF 04 00 4E 00 51 00 4E 
00 FF FF 00 00 09 00 72 20 00 EC 01 F4 00 00 02 A4 
00 FF FF 00 00 09 00 72 50 00 00 00 00 00 00 02 A5 
00 19 19 00 00 23 00 93 01 F4 08 00 01 F4 00 ED 00 00 00 01 F4 00 ED 00 00 00 00 00 00 00 00 00 00 FF FE FD EE 00 4E 00 51 00 4E 
00 FF FF 00 00 09 00 72 20 00 ED 01 F4 00 00 02 A6 
00 FF FF 00 00 09 00 72 50 00 00 00 00 00 00 02 A7 
00 19 19 00 00 23 00 93 01 F4 08 00 01 F4 00 EE 00 00 00 01 F4 00 EE 00 00 00 00 00 00 00 00 00 00 FF FE FC D9 00 4E 00 4E 00 4E 
00 FF FF 00 00 09 00 72 20 00 EE 01 F4 00 00 02 A8 
00 FF FF 00 00 09 00 72 50 00 00 00 00 00 00 02 A9 
00 FF FF 00 00 09 00 72 33 01 F4 00 00 00 00 02 AA 
00 19 19 00 00 23 00 93 01 F4 08 00 01 F4 00 EF 00 00 00 01 F4 00 EF 00 00 00 00 00 00 00 00 00 00 FF FE FB C3 00 4E 00 4E 00 4E 
00 FF FF 00 00 09 00 72 20 00 EF 01 F4 00 00 02 AB 
00 FF FF 00 00 09 00 72 50 00 00 00 00 00 00 02 AC 
