00 19 19 00 00 23 00 93 00 19 08 00 00 19 00 00 D6 00 0A 00 19 01 00 00 00 00 00 00 00 00 00 00 00 00 03 F4 71 00 00 00 00 00 00 
00 19 19 00 00 23 00 93 00 19 08 00 00 19 00 04 D5 00 65 00 19 01 01 00 00 00 00 00 00 00 00 00 00 00 03 FE 55 00 53 00 52 00 5D 
00 19 19 00 00 23 00 93 00 19 08 00 00 19 00 04 D5 00 6D 00 19 01 01 00 00 00 00 00 00 00 00 00 00 00 03 FE 74 00 53 00 52 00 5D 
00 19 19 00 00 23 00 93 00 19 08 00 00 19 00 05 D7 00 76 00 19 01 02 00 00 00 00 00 00 00 00 00 00 00 04 03 E9 00 53 00 52 00 5D 
00 19 19 00 00 23 00 93 00 19 08 00 00 19 00 05 D7 00 6F 00 19 01 02 00 00 00 00 00 00 00 00 00 00 00 04 04 0D 00 53 00 52 00 5D 
00 19 19 00 00 23 00 93 00 19 08 00 00 19 00 06 D7 00 63 00 19 01 03 00 00 00 00 00 00 00 00 00 00 00 04 0B C6 00 53 00 53 00 5D 
00 19 19 00 00 23 00 93 00 19 08 00 00 19 00 07 D6 00 5F 00 19 01 04 00 00 00 00 00 00 00 00 00 00 00 04 12 EB 00 53 00 53 00 52 
00 19 19 00 00 23 00 93 00 19 08 00 00 19 00 07 D6 00 5F 00 19 01 04 00 00 00 00 00 00 00 00 00 00 00 04 13 0C 00 53 00 53 00 52 
00 19 19 00 00 23 00 93 00 19 08 00 00 19 00 08 D9 00 5F 00 19 01 05 00 00 00 00 00 00 00 00 00 00 00 04 1A C7 00 53 00 53 00 52 
00 19 19 00 00 23 00 93 00 19 08 00 00 19 00 09 D6 00 5F 00 19 01 06 00 00 00 00 00 00 00 00 00 00 00 04 22 8F 00 6E 00 53 00 52 
00 19 19 00 00 23 00 93 00 19 08 00 00 19 00 0A D7 00 57 00 19 01 07 00 00 00 00 00 00 00 00 00 00 00 04 2A A3 00 6E 00 7F 00 52 
00 19 19 00 00 23 00 93 00 19 08 00 00 19 00 0B D7 00 57 00 19 01 08 00 00 00 00 00 00 00 00 00 00 00 04 32 2B 00 6E 00 7F 00 68 
00 19 19 00 00 23 00 93 00 19 08 00 00 19 00 0C DB 00 57 00 19 01 09 00 00 00 00 00 00 00 00 00 00 00 04 39 FE 00 6E 00 7F 00 68 
00 19 19 00 00 23 00 93 00 19 08 00 00 19 00 0D D6 00 57 00 19 01 0A 00 00 00 00 00 00 00 00 00 00 00 04 41 CA 00 53 00 7F 00 68 
00 19 19 00 00 23 00 93 00 19 08 00 00 19 00 0E D6 00 4F 00 19 01 0B 00 00 00 00 00 00 00 00 00 00 00 04 49 A2 00 53 00 54 00 68 
00 19 19 00 00 23 00 93 00 19 08 00 00 19 00 0F DA 00 4F 00 19 01 0C 00 00 00 00 00 00 00 00 00 00 00 04 51 6F 00 53 00 54 00 7D 
00 19 19 00 00 23 00 93 00 19 08 00 00 19 00 10 DA 00 4F 00 19 01 0D 00 00 00 00 00 00 00 00 00 00 00 04 59 39 00 53 00 54 00 7D 
00 19 19 00 00 23 00 93 00 19 08 00 00 19 00 11 D9 00 4F 00 19 01 0E 00 00 00 00 00 00 00 00 00 00 00 04 61 09 00 67 00 54 00 7D 
00 19 19 00 00 23 00 93 00 19 08 00 00 19 00 12 D8 00 48 00 19 01 0F 00 00 00 00 00 00 00 00 00 00 00 04 68 DC 00 67 00 5F 00 7D 
00 19 19 00 00 23 00 93 00 19 08 00 00 19 00 12 D9 00 42 00 19 01 0F 00 00 00 00 00 00 00 00 00 00 00 04 69 06 00 67 00 5F 00 7D 
00 19 19 00 00 23 00 93 00 19 08 00 00 19 00 12 D9 00 42 00 19 01 0F 00 00 00 00 00 00 00 00 00 00 00 04 69 26 00 67 00 5F 00 7D 
00 19 19 00 00 23 00 93 00 19 08 00 00 19 00 13 D8 00 42 00 19 01 10 00 00 00 00 00 00 00 00 00 00 00 04 70 AA 00 67 00 5F 00 57 
00 19 19 00 00 23 00 93 00 19 08 00 00 19 00 14 D9 00 42 00 19 01 11 00 00 00 00 00 00 00 00 00 00 00 04 78 9F 00 67 00 5F 00 57 
00 19 19 00 00 23 00 93 00 19 08 00 00 19 00 15 D9 00 3D 00 19 01 12 00 00 00 00 00 00 00 00 00 00 00 04 80 4F 00 67 00 5F 00 57 
00 19 19 00 00 23 00 93 00 19 08 00 00 19 00 16 D9 00 3D 00 19 01 13 00 00 00 00 00 00 00 00 00 00 00 04 88 1A 00 67 00 63 00 57 
00 19 19 00 00 23 00 93 00 19 08 00 00 19 00 17 D7 00 3D 00 19 01 14 00 00 00 00 00 00 00 00 00 00 00 04 8F FC 00 67 00 63 00 57 
00 19 19 00 00 23 00 93 00 19 08 00 00 19 00 18 D9 00 3D 00 19 01 15 00 00 00 00 00 00 00 00 00 00 00 04 97 BE 00 67 00 63 00 57 
00 19 19 00 00 23 00 93 00 19 08 00 00 19 00 19 D6 00 61 00 19 01 16 00 00 00 00 00 00 00 00 00 00 00 04 A1 B5 00 5C 00 63 00 57 
00 19 19 00 00 23 00 93 00 19 08 00 00 19 00 1A D5 00 62 00 19 01 17 00 00 00 00 00 00 00 00 00 00 00 04 A8 09 00 5C 00 66 00 57 
00 19 19 00 00 23 00 93 00 19 08 00 00 19 00 1B D7 00 56 00 19 01 18 00 00 00 00 00 00 00 00 00 00 00 04 B0 C9 00 5C 00 66 00 73 
00 19 19 00 00 23 00 93 00 19 08 00 00 19 00 1C D7 00 59 00 19 01 19 00 00 00 00 00 00 00 00 00 00 00 04 B6 F7 00 5C 00 66 00 73 
00 19 19 00 00 23 00 93 00 19 08 00 00 19 00 1D D8 00 59 00 19 01 1A 00 00 00 00 00 00 00 00 00 00 00 04 BE D0 00 5E 00 66 00 73 
00 19 19 00 00 23 00 93 00 19 08 00 00 19 00 1E D9 00 59 00 19 01 1B 00 00 00 00 00 00 00 00 00 00 00 04 C6 9A 00 5E 00 54 00 73 
00 19 19 00 00 23 00 93 00 19 08 00 00 19 00 1F D9 00 59 00 19 01 1C 00 00 00 00 00 00 00 00 00 00 00 04 CE 89 00 5E 00 54 00 6E 
00 19 19 00 00 23 00 93 00 19 08 00 00 19 00 20 D9 00 51 00 19 01 1D 00 00 00 00 00 00 00 00 00 00 00 04 D6 48 00 5E 00 54 00 6E 
00 19 19 00 00 23 00 93 00 19 08 00 00 19 00 21 D9 00 51 00 19 01 1E 00 00 00 00 00 00 00 00 00 00 00 04 DE 16 00 53 00 54 00 6E 
00 19 19 00 00 23 00 93 00 19 08 00 00 19 00 22 D9 00 51 00 19 01 1F 00 00 00 00 00 00 00 00 00 00 00 04 E5 D7 00 53 00 7B 00 6E 
00 19 19 00 00 23 00 93 00 19 08 00 00 19 00 23 D9 00 51 00 19 01 20 00 00 00 00 00 00 00 00 00 00 00 04 ED A7 00 53 00 7B 00 59 
00 19 19 00 00 23 00 93 00 19 08 00 00 19 00 24 D9 00 51 00 19 01 21 00 00 00 00 00 00 00 00 00 00 00 04 F5 80 00 53 00 7B 00 59 
00 19 19 00 00 23 00 93 00 19 08 00 00 19 00 25 D9 00 49 00 19 01 22 00 00 00 00 00 00 00 00 00 00 00 04 FD 4B 00 5A 00 7B 00 59 
00 19 19 00 00 23 00 93 00 19 08 00 00 19 00 26 D9 00 49 00 19 01 23 00 00 00 00 00 00 00 00 00 00 00 05 05 1F 00 5A 00 56 00 59 
00 19 19 00 00 23 00 93 00 19 08 00 00 19 00 27 D9 00 49 00 19 01 24 00 00 00 00 00 00 00 00 00 00 00 05 0D 00 00 5A 00 56 00 53 
00 19 19 00 00 23 00 93 00 19 08 00 00 19 00 28 DA 00 43 00 19 01 25 00 00 00 00 00 00 00 00 00 00 00 05 15 00 00 5A 00 56 00 53 
00 19 19 00 00 23 00 93 00 19 08 00 00 19 00 29 D9 00 43 00 19 01 26 00 00 00 00 00 00 00 00 00 00 00 05 1C AA 00 5F 00 56 00 53 
00 19 19 00 00 23 00 93 00 19 08 00 00 19 00 2A DA 00 43 00 19 01 27 00 00 00 00 00 00 00 00 00 00 00 05 24 55 00 5F 00 61 00 53 
00 19 19 00 00 23 00 93 00 19 08 00 00 19 00 2B DA 00 3D 00 19 01 28 00 00 00 00 00 00 00 00 00 00 00 05 2C 43 00 5F 00 61 00 7A 
00 19 19 00 00 23 00 93 00 19 08 00 00 19 00 2C D9 00 3D 00 19 01 29 00 00 00 00 00 00 00 00 00 00 00 05 34 00 00 5F 00 61 00 7A 
00 19 19 00 00 23 00 93 00 19 08 00 00 19 00 2D D9 00 3D 00 19 01 2A 00 00 00 00 00 00 00 00 00 00 00 05 3B CC 00 53 00 61 00 7A 
00 19 19 00 00 23 00 93 00 19 08 00 00 19 00 2E D9 00 3D 00 19 01 2B 00 00 00 00 00 00 00 00 00 00 00 05 43 9C 00 53 00 53 00 7A 
00 19 19 00 00 23 00 93 00 19 08 00 00 19 00 2F D9 00 3D 00 19 01 2C 00 00 00 00 00 00 00 00 00 00 00 05 4B 64 00 53 00 53 00 53 
00 19 19 00 00 23 00 93 00 19 08 00 00 19 00 30 D9 00 37 00 19 01 2D 00 00 00 00 00 00 00 00 00 00 00 05 53 78 00 53 00 53 00 53 
00 19 19 00 00 23 00 93 00 19 08 00 00 19 00 30 D8 00 37 00 19 01 2D 00 00 00 00 00 00 00 00 00 00 00 05 53 99 00 53 00 53 00 53 
00 19 19 00 00 23 00 93 00 19 08 00 00 19 00 30 D9 00 37 00 19 01 2D 00 00 00 00 00 00 00 00 00 00 00 05 53 B8 00 53 00 53 00 53 
00 19 19 00 00 23 00 93 00 19 08 00 00 19 00 30 D9 00 36 00 19 01 2D 00 00 00 00 00 00 00 00 00 00 00 05 53 D3 00 53 00 53 00 53 
00 19 19 00 00 23 00 93 00 19 08 00 00 19 00 31 D8 00 36 00 19 01 2E 00 00 00 00 00 00 00 00 00 00 00 05 5B 08 00 5C 00 53 00 53 
00 19 19 00 00 23 00 93 00 19 08 00 00 19 00 32 DA 00 36 00 19 01 2F 00 00 00 00 00 00 00 00 00 00 00 05 62 DB 00 5C 00 5E 00 53 
00 19 19 00 00 23 00 93 00 19 08 00 00 19 00 32 DA 00 36 00 19 01 2F 00 00 00 00 00 00 00 00 00 00 00 05 62 F8 00 5C 00 5E 00 53 
00 19 19 00 00 23 00 93 00 19 08 00 00 19 00 33 D7 00 36 00 19 01 30 00 00 00 00 00 00 00 00 00 00 00 05 6A B1 00 5C 00 5E 00 53 
00 19 19 00 00 23 00 93 00 19 08 00 00 19 00 34 D8 00 B0 00 19 01 31 00 00 00 00 00 00 00 00 00 00 00 05 75 F3 00 5C 00 5E 00 53 
00 19 19 00 00 23 00 93 00 19 08 00 00 19 00 35 D7 00 B9 00 19 01 32 00 00 00 00 00 00 00 00 00 00 00 05 7A 45 00 53 00 5E 00 53 
00 19 19 00 00 23 00 93 00 19 08 00 00 19 00 36 D7 00 B9 00 19 01 33 00 00 00 00 00 00 00 00 00 00 00 05 82 17 00 53 00 63 00 53 
00 19 19 00 00 23 00 93 00 19 08 00 00 19 00 36 D7 00 B9 00 19 01 33 00 00 00 00 00 00 00 00 00 00 00 05 82 39 00 53 00 63 00 53 
00 19 19 00 00 23 00 93 00 19 08 00 00 19 00 37 D7 00 B9 00 19 01 34 00 00 00 00 00 00 00 00 00 00 00 05 89 E7 00 53 00 63 00 59 
00 19 19 00 00 23 00 93 00 19 08 00 00 19 00 38 D7 00 A8 00 19 01 35 00 00 00 00 00 00 00 00 00 00 00 05 91 D5 00 53 00 63 00 59 
00 19 19 00 00 23 00 93 00 19 08 00 00 19 00 39 D7 00 A8 00 19 01 36 00 00 00 00 00 00 00 00 00 00 00 05 99 89 00 53 00 63 00 59 
00 19 19 00 00 23 00 93 00 19 08 00 00 19 00 3A DB 00 A8 00 19 01 37 00 00 00 00 00 00 00 00 00 00 00 05 A1 6E 00 53 00 75 00 59 
00 19 19 00 00 23 00 93 00 19 08 00 00 19 00 3B DB 00 98 00 19 01 38 00 00 00 00 00 00 00 00 00 00 00 05 A9 60 00 53 00 75 00 54 
00 19 19 00 00 23 00 93 00 19 08 00 00 19 00 3C DA 00 98 00 19 01 39 00 00 00 00 00 00 00 00 00 00 00 05 B0 F5 00 53 00 75 00 54 
00 19 19 00 00 23 00 93 00 19 08 00 00 19 00 3D DB 00 98 00 19 01 3A 00 00 00 00 00 00 00 00 00 00 00 05 B8 C0 00 53 00 75 00 54 
00 19 19 00 00 23 00 93 00 19 08 00 00 19 00 3E DB 00 98 00 19 01 3B 00 00 00 00 00 00 00 00 00 00 00 05 C0 C0 00 53 00 53 00 54 
00 19 19 00 00 23 00 93 00 19 08 00 00 19 00 3F DB 00 8A 00 19 01 3C 00 00 00 00 00 00 00 00 00 00 00 05 C8 69 00 53 00 53 00 52 
00 19 19 00 00 23 00 93 00 19 08 00 00 19 00 40 D9 00 8A 00 19 01 3D 00 00 00 00 00 00 00 00 00 00 00 05 D0 51 00 53 00 53 00 52 
00 19 19 00 00 23 00 93 00 19 08 00 00 19 00 41 D7 00 8A 00 19 01 3E 00 00 00 00 00 00 00 00 00 00 00 05 D8 0B 00 75 00 53 00 52 
00 19 19 00 00 23 00 93 00 19 08 00 00 19 00 42 D6 00 8A 00 19 01 3F 00 00 00 00 00 00 00 00 00 00 00 05 DF D4 00 75 00 63 00 52 
00 19 19 00 00 23 00 93 00 19 08 00 00 19 00 43 D5 00 7D 00 19 01 40 00 00 00 00 00 00 00 00 00 00 00 05 E7 A3 00 75 00 63 00 61 
00 19 19 00 00 23 00 93 00 19 08 00 00 19 00 43 D6 00 84 00 19 01 40 00 00 00 00 00 00 00 00 00 00 00 05 E9 E7 00 75 00 63 00 61 
00 19 19 00 00 23 00 93 00 19 08 00 00 19 00 44 DB 00 8A 00 19 01 41 00 00 00 00 00 00 00 00 00 00 00 05 EF 7F 00 75 00 63 00 61 
00 19 19 00 00 23 00 93 00 19 08 00 00 19 00 45 D9 00 8A 00 19 01 42 00 00 00 00 00 00 00 00 00 00 00 05 F7 43 00 53 00 63 00 61 
00 19 19 00 00 23 00 93 00 19 08 00 00 19 00 46 DA 00 8A 00 19 01 43 00 00 00 00 00 00 00 00 00 00 00 05 FF 17 00 53 00 5D 00 61 
00 19 19 00 00 23 00 93 00 19 08 00 00 19 00 47 D5 00 7D 00 19 01 44 00 00 00 00 00 00 00 00 00 00 00 06 07 1A 00 53 00 5D 00 52 
00 19 19 00 00 23 00 93 00 19 08 00 00 19 00 48 D7 00 7D 00 19 01 45 00 00 00 00 00 00 00 00 00 00 00 06 0E D3 00 53 00 5D 00 52 
00 19 19 00 00 23 00 93 00 19 08 00 00 19 00 48 D8 00 7D 00 19 01 45 00 00 00 00 00 00 00 00 00 00 00 06 0E FB 00 53 00 5D 00 52 
00 19 19 00 00 23 00 93 00 19 08 00 00 19 00 49 D5 00 73 00 19 01 46 00 00 00 00 00 00 00 00 00 00 00 06 16 EB 00 6C 00 5D 00 52 
00 19 19 00 00 23 00 93 00 19 08 00 00 19 00 49 D6 00 6C 00 19 01 46 00 00 00 00 00 00 00 00 00 00 00 06 17 49 00 6C 00 5D 00 52 
00 19 19 00 00 23 00 93 00 19 08 00 00 19 00 4A D6 00 67 00 19 01 47 00 00 00 00 00 00 00 00 00 00 00 06 1E 80 00 6C 00 59 00 52 
00 19 19 00 00 23 00 93 00 19 08 00 00 19 00 4B D5 00 67 00 19 01 48 00 00 00 00 00 00 00 00 00 00 00 06 26 2E 00 6C 00 59 00 53 
00 19 19 00 00 23 00 93 00 19 08 00 00 19 00 4C D8 00 67 00 19 01 49 00 00 00 00 00 00 00 00 00 00 00 06 2E 12 00 6C 00 59 00 53 
00 19 19 00 00 23 00 93 00 19 08 00 00 19 00 4C D7 00 5F 00 19 01 49 00 00 00 00 00 00 00 00 00 00 00 06 2E 29 00 6C 00 59 00 53 
00 19 19 00 00 23 00 93 00 19 08 00 00 19 00 4D D8 00 5F 00 19 01 4A 00 00 00 00 00 00 00 00 00 00 00 06 36 23 00 5B 00 59 00 53 
00 19 19 00 00 23 00 93 00 19 08 00 00 19 00 4E D8 00 5F 00 19 01 4B 00 00 00 00 00 00 00 00 00 00 00 06 3D 94 00 5B 00 54 00 53 
00 19 19 00 00 23 00 93 00 19 08 00 00 19 00 4E D8 00 58 00 19 01 4B 00 00 00 00 00 00 00 00 00 00 00 06 3D D5 00 5B 00 54 00 53 
00 19 19 00 00 23 00 93 00 19 08 00 00 19 00 4F D6 00 58 00 19 01 4C 00 00 00 00 00 00 00 00 00 00 00 06 45 80 00 5B 00 54 00 5F 
00 19 19 00 00 23 00 93 00 19 08 00 00 19 00 50 D8 00 58 00 19 01 4D 00 00 00 00 00 00 00 00 00 00 00 06 4D 33 00 5B 00 54 00 5F 
00 19 19 00 00 23 00 93 00 19 08 00 00 19 00 51 D8 00 50 00 19 01 4E 00 00 00 00 00 00 00 00 00 00 00 06 55 08 00 76 00 54 00 5F 
00 19 19 00 00 23 00 93 00 19 08 00 00 19 00 51 D8 00 50 00 19 01 4E 00 00 00 00 00 00 00 00 00 00 00 06 55 23 00 76 00 54 00 5F 
00 19 19 00 00 23 00 93 00 19 08 00 00 19 00 52 D8 00 50 00 19 01 4F 00 00 00 00 00 00 00 00 00 00 00 06 5C F5 00 76 00 72 00 5F 
00 19 19 00 00 23 00 93 00 19 08 00 00 19 00 53 D9 00 50 00 19 01 50 00 00 00 00 00 00 00 00 00 00 00 06 64 A3 00 76 00 72 00 53 
00 19 19 00 00 23 00 93 00 19 08 00 00 19 00 54 D8 00 49 00 19 01 51 00 00 00 00 00 00 00 00 00 00 00 06 6C 6E 00 76 00 72 00 53 
00 19 19 00 00 23 00 93 00 19 08 00 00 19 00 55 D7 00 49 00 19 01 52 00 00 00 00 00 00 00 00 00 00 00 06 74 41 00 53 00 72 00 53 
00 19 19 00 00 23 00 93 00 19 08 00 00 19 00 55 D7 00 49 00 19 01 52 00 00 00 00 00 00 00 00 00 00 00 06 74 7A 00 53 00 72 00 53 
00 19 19 00 00 23 00 93 00 19 08 00 00 19 00 55 D6 00 49 00 19 01 52 00 00 00 00 00 00 00 00 00 00 00 06 74 A0 00 53 00 72 00 53 
00 19 19 00 00 23 00 93 00 19 08 00 00 19 00 56 D7 00 44 00 19 01 53 00 00 00 00 00 00 00 00 00 00 00 06 7C 0D 00 53 00 52 00 53 
00 19 19 00 00 23 00 93 00 19 08 00 00 19 00 57 D7 00 44 00 19 01 54 00 00 00 00 00 00 00 00 00 00 00 06 83 DF 00 53 00 52 00 57 
00 19 19 00 00 23 00 93 00 19 08 00 00 19 00 58 DA 00 44 00 19 01 55 00 00 00 00 00 00 00 00 00 00 00 06 8B AF 00 53 00 52 00 57 
00 19 19 00 00 23 00 93 00 19 08 00 00 19 00 59 D9 00 44 00 19 01 56 00 00 00 00 00 00 00 00 00 00 00 06 93 A4 00 5C 00 52 00 57 
00 19 19 00 00 23 00 93 00 19 08 00 00 19 00 5A D9 00 3E 00 19 01 57 00 00 00 00 00 00 00 00 00 00 00 06 9B 5D 00 5C 00 6C 00 57 
00 19 19 00 00 23 00 93 00 19 08 00 00 19 00 5B D8 00 3E 00 19 01 58 00 00 00 00 00 00 00 00 00 00 00 06 A3 24 00 5C 00 6C 00 63 
00 19 19 00 00 23 00 93 00 19 08 00 00 19 00 5C D8 00 3E 00 19 01 59 00 00 00 00 00 00 00 00 00 00 00 06 AB 0C 00 5C 00 6C 00 63 
00 19 19 00 00 23 00 93 00 19 08 00 00 19 00 5C D9 00 3E 00 19 01 59 00 00 00 00 00 00 00 00 00 00 00 06 AB 2E 00 5C 00 6C 00 63 
00 19 19 00 00 23 00 93 00 19 08 00 00 19 00 5D D7 00 3E 00 19 01 5A 00 00 00 00 00 00 00 00 00 00 00 06 B2 C5 00 5B 00 6C 00 63 
00 19 19 00 00 23 00 93 00 19 08 00 00 19 00 5D D8 00 39 00 19 01 5A 00 00 00 00 00 00 00 00 00 00 00 06 B2 E6 00 5B 00 6C 00 63 
00 19 19 00 00 23 00 93 00 19 08 00 00 19 00 5E D6 00 39 00 19 01 5B 00 00 00 00 00 00 00 00 00 00 00 06 BA B5 00 5B 00 5F 00 63 
00 19 19 00 00 23 00 93 00 19 08 00 00 19 00 5F D8 00 39 00 19 01 5C 00 00 00 00 00 00 00 00 00 00 00 06 C2 62 00 5B 00 5F 00 71 
00 19 19 00 00 23 00 93 00 19 08 00 00 19 00 60 D8 00 39 00 19 01 5D 00 00 00 00 00 00 00 00 00 00 00 06 CA 36 00 5B 00 5F 00 71 
00 19 19 00 00 23 00 93 00 19 08 00 00 19 00 61 D9 00 34 00 19 01 5E 00 00 00 00 00 00 00 00 00 00 00 06 D1 FC 00 67 00 5F 00 71 
00 19 19 00 00 23 00 93 00 19 08 00 00 19 00 62 D8 00 34 00 19 01 5F 00 00 00 00 00 00 00 00 00 00 00 06 D9 F3 00 67 00 53 00 71 
00 19 19 00 00 23 00 93 00 19 08 00 00 19 00 63 D8 00 34 00 19 01 60 00 00 00 00 00 00 00 00 00 00 00 06 E1 9E 00 67 00 53 00 73 
